-0.000799451, -9.20109e-05, 1.99089e-05, -4.09714e-07, 0.00111879, -0.000732422
-0.000826026, -0.000102166, 2.05887e-05, -4.09714e-07, 0.00111879, -0.000732422
-0.000854108, -0.000121918, 2.21847e-05, -3.42403e-07, 0.00114512, -0.00059802
-0.00087064, -0.000128623, 1.55011e-05, -3.25105e-07, 0.00100662, -0.000645935
-0.000899895, -0.000142146, 8.27075e-06, -2.59811e-07, 0.00106418, -0.000488281
-0.000910135, -0.000147536, -3.03144e-06, -2.73143e-07, 0.000913491, -0.00059802
-0.0009059, -0.000139445, -6.25635e-07, -3.68634e-07, 0.00100662, -0.000732422
-0.000906861, -0.000134293, -8.51208e-06, -3.57628e-07, 0.000976562, -0.000732422
-0.000916064, -0.000130929, -1.13134e-05, -3.05383e-07, 0.000945553, -0.000645935
-0.000921541, -0.000125851, -1.82515e-05, -2.92002e-07, 0.000845728, -0.000690534
-0.000928554, -0.000117932, -2.3416e-05, -2.73143e-07, 0.000845728, -0.000645935
-0.00093631, -9.92119e-05, -1.9413e-05, -3.05383e-07, 0.000945553, -0.000645935
-0.000954719, -9.08114e-05, -1.9639e-05, -2.49344e-07, 0.000913491, -0.000545915
-0.000953024, -5.75818e-05, -2.24164e-05, -3.26468e-07, 0.000945553, -0.000690534
-0.000968652, -3.63253e-05, -2.0831e-05, -2.92002e-07, 0.000976562, -0.00059802
-0.000998571, -2.05413e-05, -9.22784e-06, -2.6656e-07, 0.00109183, -0.000488281
-0.00102498, 6.29947e-06, -6.7447e-06, -1.93141e-07, 0.00111879, -0.000345267
-0.00104412, 1.70618e-05, 3.40551e-06, 0.00024391, 0.00109188, -0.000422997
-0.00104772, 1.2368e-05, -4.859e-06, -2.59811e-07, 0.00106418, -0.000488281
-0.00104078, 2.21767e-05, -2.92508e-05, -3.05383e-07, 0.000945553, -0.000645935
-0.00103714, 2.43336e-05, -2.79889e-05, -3.9984e-07, 0.0010358, -0.00077204
-0.00105658, -1.73971e-05, -4.06567e-05, -3.05383e-07, 0.00111879, -0.000545915
-0.00107164, -2.97539e-05, -5.4685e-05, -2.6656e-07, 0.00109183, -0.000488281
-0.00108791, -4.81606e-05, -5.88125e-05, -2.58096e-07, 0.0012207, -0.000422864
-0.00110914, -6.87167e-05, -6.44739e-05, -0.000244404, 0.00124483, -0.000422712
-0.00113273, -8.71047e-05, -7.5562e-05, -0.000244404, 0.00124483, -0.000422712
-0.00114926, -0.000102792, -8.19023e-05, -0.000345486, 0.00126853, -0.000345048
-0.00115718, -0.000141267, -9.0413e-05, -0.000244499, 0.00131467, -0.000545754
-0.00118167, -0.00017992, -9.07129e-05, -0.000423142, 0.00131465, -0.000422586
-0.00120128, -0.000206847, -0.00011574, -0.000423137, 0.00129178, -0.000422591
-0.00125432, -0.000235792, -0.000118413, -0.000488281, 0.00140248, 3.42403e-07
-0.00129805, -0.00025947, -0.000118586, -0.000488281, 0.00152466, 3.72231e-07
-0.00134088, -0.000281893, -0.00012322, -0.000488281, 0.00146484, 3.57628e-07
-0.00136647, -0.000350028, -0.000132779, -0.00059802, 0.00148505, 4.44045e-07
-0.0013869, -0.000382558, -0.000135922, -0.000646126, 0.00156318, -0.000243636
-0.00141017, -0.000467271, -0.000148757, -0.00077204, 0.00165584, 6.39189e-07
-0.00142532, -0.000507828, -0.000141886, -0.000846017, 0.0016736, -0.000344559
-0.00145906, -0.000581257, -0.00014651, -0.000976562, 0.00167374, 8.17258e-07
-0.00147225, -0.000624303, -0.000143158, -0.000913788, 0.00172618, -0.000344478
-0.00150037, -0.000666451, -0.000141225, -0.00100683, 0.00170886, -0.00024328
-0.00153808, -0.000698637, -0.000142033, -0.00100662, 0.00169146, 8.51325e-07
-0.00156512, -0.000725437, -0.00015073, -0.000945552, 0.00167374, 7.91307e-07
-0.00158031, -0.000745092, -0.000154937, -0.000845728, 0.00161945, 6.84805e-07
-0.00159062, -0.000761487, -0.000171085, -0.000845728, 0.00161945, 6.84805e-07
-0.00162096, -0.000784028, -0.000181614, -0.00091349, 0.00163775, 7.48033e-07
-0.0016456, -0.000794906, -0.000182744, -0.00091349, 0.00170899, 7.80571e-07
-0.00167551, -0.000818051, -0.000198952, -0.00091349, 0.00169146, 7.72565e-07
-0.00170598, -0.000829402, -0.000201844, -0.00091349, 0.00177737, 8.11806e-07
-0.00173774, -0.000844833, -0.000220517, -0.00100662, 0.0018106, 9.11289e-07
-0.0017858, -0.000870574, -0.000236585, -0.0010358, 0.00182698, 9.46195e-07
-0.00183387, -0.000928827, -0.000260785, -0.0011448, 0.00187548, 0.000346341
-0.00187264, -0.000974249, -0.000278143, -0.00124488, 0.00193781, 1.20617e-06
-0.00191703, -0.00105218, -0.000317626, -0.00140224, 0.00193798, 0.0002455
-0.00196104, -0.00112118, -0.000348616, -0.00146451, 0.00193806, 0.000346686
-0.00199326, -0.00116523, -0.000358251, -0.00154372, 0.00207187, 0.000346866
-0.00202013, -0.00121966, -0.00036055, -0.00156301, 0.0020718, 0.00024576
-0.00202524, -0.00127239, -0.000348373, -0.00150498, 0.00198341, 1.4925e-06
-0.00203684, -0.00132336, -0.000347968, -0.0016007, 0.001907, 0.000245667
-0.00202815, -0.0013553, -0.000339802, -0.00156304, 0.00184341, 0.000245581
-0.00199221, -0.00136244, -0.000322744, -0.00135932, 0.00170899, 1.16153e-06
-0.00197955, -0.00135875, -0.000317666, -0.00131474, 0.00167374, 1.10027e-06
-0.00198131, -0.00133055, -0.000291177, -0.00119574, 0.00170919, 0.000346289
-0.00193972, -0.0012334, -0.000233739, -0.000913099, 0.00160116, 0.000489012
-0.00189306, -0.00119795, -0.000193964, -0.000690197, 0.00138124, 0.000488758
-0.00171704, -0.00107686, -0.000153606, -0.000422756, 0.000880313, 0.000244327
-0.00133882, -0.000885878, -0.00011827, -7.30005e-08, 0.000345267, -0.000422864
-0.00105637, -0.000706017, 1.04055e-05, -2.10734e-07, 0.000345267, -0.0012207
-0.000953009, -0.000621457, 4.92732e-05, -1.63234e-07, 0.000244141, -0.00133721
-0.00085007, -0.000537947, 7.426e-05, 0.000243871, 0.000345458, -0.00156331
-0.000786044, -0.000467289, 7.11645e-05, -4.76837e-07, 0.000690534, -0.00138107
-0.000791786, -0.000437312, 2.96103e-05, -4.31877e-07, 0.00091349, -0.000945552
-0.000819662, -0.000473022, -1.40401e-05, -0.000423405, 0.00114492, -0.00094531
-0.000856489, -0.000552662, -3.69446e-05, -0.00077294, 0.00150452, -0.00119546
-0.00091639, -0.000651877, -5.41442e-05, -0.000946602, 0.00154344, -0.00135859
-0.00106103, -0.000812449, -7.29889e-05, -0.00138254, 0.00207062, -0.00142214
-0.00121829, -0.000879411, -4.96622e-05, -0.00144622, 0.00245248, -0.00152289
-0.00137689, -0.000950594, -2.26946e-05, -0.00136098, 0.00261726, -0.00126681
-0.00146729, -0.00100677, -1.08777e-05, -0.001093, 0.00240397, -0.00097525
-0.00154755, -0.00103317, 1.33825e-05, -0.000733118, 0.00215596, -0.000645145
-0.00148463, -0.000958249, 4.90201e-05, -6.03451e-07, 0.00156326, -0.00077204
-0.00139043, -0.000896528, 7.25439e-05, -4.71216e-07, 0.0012207, -0.00077204
-0.00109663, -0.00072287, 0.000139083, 0.000345134, 0.0003454, -0.0007721
-0.000622825, -0.000241183, 0.000200405, 0.00111899, -0.000422335, -0.000945317
-0.00031164, 7.12387e-05, 0.000208289, 0.00146532, -0.000944816, -0.00100593
-5.40219e-05, 0.000502598, 0.000275088, 0.0021289, -0.00126769, -0.000844379
0.000106738, 0.00117347, 0.000418058, 0.00265243, -0.00111788, -0.000689052
0.000206853, 0.00175387, 0.000489804, 0.00322994, -0.00122003, -0.000420894
0.000307229, 0.00209941, 0.000537755, 0.00354673, -0.00116972, -0.000643862
0.000425712, 0.00248101, 0.000584589, 0.00393717, -0.00100458, -0.00103383
0.000490776, 0.00269346, 0.000630167, 0.00407832, -0.000770117, -0.000943984
0.000556773, 0.00288412, 0.000660389, 0.00430603, -0.000842855, -0.0013354
0.000580364, 0.00302792, 0.000681192, 0.00420796, -0.000807059, -0.0012669
0.000637654, 0.00320775, 0.00071144, 0.00444922, -0.00100323, -0.00152243
0.000726008, 0.00341219, 0.000700383, 0.00465267, -0.00128767, -0.00180761
0.000824602, 0.00366791, 0.000720727, 0.00497499, -0.00139731, -0.00208247
0.000907794, 0.0038828, 0.000702983, 0.00526079, -0.0015761, -0.00232482
0.000963404, 0.00412781, 0.0007091, 0.00553164, -0.00157531, -0.00249735
0.00100768, 0.00451305, 0.000734257, 0.00606623, -0.0014773, -0.0025561
0.00101863, 0.0049177, 0.000747798, 0.00651152, -0.00135163, -0.00236264
0.00104721, 0.00554712, 0.000733337, 0.00721527, -0.0013052, -0.00264736
0.00104103, 0.00589104, 0.000717736, 0.00737852, -0.00116089, -0.00270339
0.000990711, 0.00648481, 0.000722226, 0.00809478, -0.000935119, -0.00257998
0.000852355, 0.00698517, 0.000770715, 0.00855924, -0.000336288, -0.00209876
0.000846006, 0.00782514, 0.000720078, 0.00984598, -0.000963487, -0.00265855
0.00102295, 0.0087094, 0.000402282, 0.0104835, -0.00190905, -0.00549273
0.00116419, 0.00946851, 0.000311137, 0.0109725, -0.00207347, -0.00745403
0.00125661, 0.0101091, -3.83302e-05, 0.0115709, -0.00240195, -0.00893663
0.00147564, 0.0109937, -0.000646699, 0.0127918, -0.00279196, -0.0135296
0.00131483, 0.0112698, -0.000974865, 0.0129096, -0.00257236, -0.0158343
0.000800608, 0.012012, -0.00166514, 0.013531, -0.00195848, -0.014601
0.000105457, 0.0128893, -0.00245761, 0.0149037, -0.00171802, -0.012434
-0.00026951, 0.0137258, -0.00323565, 0.0154214, -0.00190865, -0.0116484
-0.000695356, 0.0140918, -0.00363331, 0.0159082, -0.00203229, -0.0103249
-0.00118165, 0.0150623, -0.00505523, 0.0175632, -0.00378202, -0.00892418
-0.00155123, 0.0152546, -0.00581052, 0.017612, -0.0052488, -0.00821895
-0.00190497, 0.0157579, -0.00687032, 0.0180367, -0.00956644, -0.00542749
-0.00226061, 0.0159648, -0.00870659, 0.0183708, -0.0147534, -0.000352793
-0.00281123, 0.0161118, -0.0107221, 0.01876, -0.021755, 0.0105574
-0.00312618, 0.0164061, -0.0120507, 0.0207582, -0.0272163, 0.0246396
-0.00327922, 0.01771, -0.0151606, 0.0245423, -0.032914, 0.0375112
-0.00331963, 0.0185289, -0.0162084, 0.0272633, -0.0352742, 0.0430053
-0.0034494, 0.0197708, -0.018129, 0.0315915, -0.0398639, 0.0527284
-0.00383594, 0.0207279, -0.0205145, 0.0357253, -0.0445128, 0.065247
-0.00382713, 0.023042, -0.0241457, 0.0405751, -0.0491064, 0.0728507
-0.00387086, 0.0246721, -0.0277701, 0.0450438, -0.0529173, 0.0762218
-0.0037127, 0.0255587, -0.0295162, 0.0467599, -0.0540484, 0.0768413
-0.00379612, 0.0258326, -0.0311101, 0.0502271, -0.0542896, 0.0794573
-0.00399179, 0.0266254, -0.0346945, 0.0526241, -0.05475, 0.0808094
-0.0041888, 0.0270957, -0.0362347, 0.0539852, -0.0542962, 0.0815153
-0.00485581, 0.027324, -0.0393935, 0.0551666, -0.0529394, 0.0831758
-0.0051458, 0.0277251, -0.0413067, 0.0555073, -0.0519851, 0.0840386
-0.00644355, 0.0278421, -0.0442444, 0.0552135, -0.0486087, 0.0873171
-0.00702869, 0.0279668, -0.0467089, 0.0552533, -0.047273, 0.0893393
-0.00812076, 0.0283463, -0.0506251, 0.0539761, -0.042696, 0.0910281
-0.0101907, 0.0282278, -0.0551377, 0.051968, -0.0378637, 0.0939097
-0.0112877, 0.028049, -0.0578489, 0.0507455, -0.0354429, 0.0946598
-0.0133037, 0.0277409, -0.0613337, 0.0474078, -0.0288395, 0.0956869
-0.0139284, 0.0276717, -0.0641006, 0.0453115, -0.0259931, 0.0958354
-0.0156579, 0.0271733, -0.0695753, 0.0415081, -0.0206724, 0.0975831
-0.0166422, 0.0268251, -0.0726324, 0.0393125, -0.017967, 0.0981634
-0.0174337, 0.0266856, -0.0793364, 0.0357843, -0.013845, 0.0976719
-0.0180502, 0.0264416, -0.0824443, 0.0338987, -0.0114592, 0.0970918
-0.0185396, 0.0263464, -0.0892224, 0.0312969, -0.00834637, 0.0928656
-0.0187648, 0.0263012, -0.0961061, 0.0273887, -0.00553324, 0.0852607
-0.0191554, 0.0257374, -0.0993452, 0.0248811, -0.00412413, 0.0837603
-0.0193665, 0.0255965, -0.105474, 0.0207741, -0.00220872, 0.0837309
-0.0195741, 0.0254826, -0.109154, 0.0191481, -0.00150143, 0.0845761
-0.0200566, 0.0254266, -0.115394, 0.0159877, 0.000967786, 0.0884645
-0.0203918, 0.0254721, -0.11855, 0.0147971, 0.00197774, 0.0914602
-0.0209033, 0.025995, -0.125065, 0.0133098, 0.00290883, 0.0976276
-0.0212109, 0.0268931, -0.132921, 0.0125796, 0.00280619, 0.100648
-0.0214013, 0.0272908, -0.136518, 0.0120858, 0.00309256, 0.100309
-0.0215405, 0.0279726, -0.142236, 0.00891651, 0.00402767, 0.100064
-0.0217616, 0.0282539, -0.14518, 0.00804892, 0.00421525, 0.101824
-0.0219374, 0.0291429, -0.151606, 0.00663955, 0.00347338, 0.103948
-0.022031, 0.0293349, -0.155372, 0.00544558, 0.0031784, 0.105577
-0.021822, 0.0301626, -0.162187, 0.00452205, 0.00161806, 0.107799
-0.0215099, 0.030379, -0.170768, 0.00281754, -0.00159746, 0.107106
-0.0203686, 0.0310246, -0.174407, 0.00128238, -0.00191319, 0.10506
-0.0190408, 0.0311606, -0.181494, -0.00177844, -0.00369401, 0.104961
-0.0180315, 0.0313458, -0.185698, -0.00312027, -0.00453246, 0.10489
-0.0163837, 0.0317728, -0.193176, -0.00558713, -0.00593163, 0.104314
-0.0148022, 0.0323853, -0.200668, -0.00767664, -0.0067629, 0.103612
-0.0138812, 0.0327851, -0.204936, -0.00843277, -0.00747721, 0.103553
-0.0124837, 0.0338085, -0.212412, -0.00909746, -0.00881455, 0.10148
-0.011449, 0.0345678, -0.216367, -0.00971552, -0.00920467, 0.0995949
-0.00981556, 0.0352067, -0.224952, -0.011054, -0.0108117, 0.0977723
-0.00878861, 0.035719, -0.229133, -0.0113601, -0.0113337, 0.0969101
-0.00705916, 0.0364205, -0.237689, -0.0122128, -0.0129208, 0.0949153
-0.00595592, 0.0367476, -0.241952, -0.0124634, -0.0133011, 0.0938996
-0.00420316, 0.0372013, -0.250766, -0.0133084, -0.0146402, 0.0911689
-0.00227219, 0.0373807, -0.260649, -0.0141886, -0.0161208, 0.0874484
-0.00101079, 0.0379492, -0.264615, -0.0149607, -0.0159712, 0.0841103
0.00088155, 0.0382118, -0.27228, -0.0169468, -0.0159675, 0.0798325
0.00179784, 0.0384098, -0.277728, -0.0177054, -0.0167991, 0.0784447
0.00336702, 0.0385352, -0.286198, -0.0187758, -0.0165991, 0.0748753
0.0046603, 0.038608, -0.294524, -0.0198836, -0.0157279, 0.0717642
0.00540735, 0.0386183, -0.299448, -0.0200668, -0.015453, 0.0703703
0.00627316, 0.0386735, -0.308009, -0.0208598, -0.0138468, 0.0673374
0.0069161, 0.0387052, -0.312056, -0.0209894, -0.0126944, 0.0668332
0.00732917, 0.0386768, -0.322484, -0.0196932, -0.012611, 0.0646344
0.00783114, 0.038647, -0.326531, -0.0194043, -0.0114083, 0.0621616
0.00852376, 0.0388134, -0.333679, -0.0201299, -0.00836569, 0.0588325
0.00898256, 0.039001, -0.341662, -0.0207353, -0.00459938, 0.0583447
0.00916792, 0.039172, -0.346233, -0.0213552, -0.00241863, 0.0582674
0.00921869, 0.0394833, -0.353469, -0.0231226, 0.00275548, 0.0602875
0.00917728, 0.0398579, -0.357774, -0.0237673, 0.0053063, 0.0619391
0.00901263, 0.0402965, -0.367597, -0.0238836, 0.00896588, 0.0640414
0.00891311, 0.0406389, -0.371929, -0.0246516, 0.0114373, 0.0639985
0.00852391, 0.0410308, -0.380526, -0.0268515, 0.0156553, 0.0650725
0.00834377, 0.041369, -0.384635, -0.0277798, 0.0177766, 0.0658224
0.00811853, 0.0417391, -0.394619, -0.0295412, 0.0193039, 0.0672476
0.00820404, 0.0419466, -0.406838, -0.0307298, 0.0198499, 0.0644889
0.00827333, 0.0421244, -0.412088, -0.032093, 0.0206982, 0.0620774
0.00833461, 0.0422525, -0.421482, -0.0351157, 0.0217287, 0.0599594
0.00838615, 0.0423522, -0.42738, -0.0357342, 0.0211783, 0.0587459
0.00847836, 0.0424849, -0.431899, -0.0364316, 0.0212935, 0.0571471
0.00861514, 0.0426221, -0.441894, -0.0380981, 0.0205656, 0.0562387
0.00865445, 0.0427931, -0.447702, -0.0383844, 0.0198088, 0.0563274
0.00869261, 0.0433883, -0.458034, -0.0383345, 0.0183587, 0.0561417
0.00861749, 0.044127, -0.468806, -0.0376548, 0.0166502, 0.0565822
0.00851822, 0.0445759, -0.474005, -0.0369788, 0.0159384, 0.0569376
0.00831671, 0.0455102, -0.485985, -0.0350819, 0.0127033, 0.056029
0.00800565, 0.0462313, -0.492045, -0.033954, 0.0112837, 0.0548658
0.00774945, 0.0474374, -0.503674, -0.0318499, 0.00807869, 0.050747
0.00741139, 0.0481398, -0.50956, -0.0314525, 0.00685642, 0.0483222
0.00666965, 0.049449, -0.519617, -0.0302687, 0.00493863, 0.0449413
0.00548976, 0.0512349, -0.529485, -0.0292919, 0.00364557, 0.0419729
0.00468504, 0.0522492, -0.534421, -0.0292164, 0.00339295, 0.0416399
0.00328867, 0.0532309, -0.545093, -0.0287569, 0.00172507, 0.0421315
0.00242706, 0.0540343, -0.550673, -0.0290695, 0.00141619, 0.0416982
0.000196161, 0.0550612, -0.559818, -0.030467, 0.00146374, 0.0429042
-0.00185108, 0.0560489, -0.569928, -0.0323328, 0.0015339, 0.0447648
-0.00337722, 0.0563343, -0.57543, -0.0336251, 0.00165137, 0.0458314
-0.00521035, 0.0571292, -0.585825, -0.0362896, 0.0018264, 0.0451444
-0.00805844, 0.0573512, -0.594456, -0.0406091, 0.00369249, 0.0457421
-0.00940623, 0.0576077, -0.599308, -0.0425599, 0.00450555, 0.0465648
-0.0118364, 0.0577495, -0.609176, -0.0462615, 0.00554333, 0.0460594
-0.0133433, 0.0580885, -0.614259, -0.0484164, 0.00639561, 0.045416
-0.0161118, 0.0584233, -0.622832, -0.0528262, 0.00865216, 0.0441457
-0.0191602, 0.0586819, -0.63008, -0.0569901, 0.012021, 0.0438352
-0.0210308, 0.05882, -0.633473, -0.0589, 0.0139113, 0.0440963
-0.0238457, 0.0590378, -0.640936, -0.0624706, 0.016643, 0.0440114
-0.0256172, 0.0591904, -0.644485, -0.0640319, 0.0182961, 0.0435527
-0.0270942, 0.0593189, -0.647652, -0.0658997, 0.0200531, 0.042384
-0.0299605, 0.0595513, -0.651995, -0.0692395, 0.0246184, 0.0423962
-0.0326908, 0.0597181, -0.657623, -0.0714519, 0.0280858, 0.0431854
-0.034108, 0.0599729, -0.660495, -0.0723777, 0.0297925, 0.0427673
-0.0366521, 0.0605042, -0.66362, -0.0742416, 0.0341406, 0.0427333
-0.0380013, 0.0610865, -0.665736, -0.0743573, 0.0357253, 0.0423991
-0.0395822, 0.0615452, -0.670137, -0.0749238, 0.0381244, 0.0398234
-0.0407299, 0.0620339, -0.672785, -0.0755739, 0.0391942, 0.0379053
-0.0423409, 0.0629932, -0.674981, -0.0759341, 0.0423332, 0.0343765
-0.0432651, 0.0634885, -0.676421, -0.0761958, 0.0436163, 0.0330328
-0.044795, 0.0641968, -0.678081, -0.0764007, 0.0464611, 0.0323341
-0.0462713, 0.0650881, -0.679477, -0.0757395, 0.0485103, 0.0322409
-0.0469344, 0.0655731, -0.680316, -0.0754029, 0.0491476, 0.0322097
-0.0476359, 0.0661414, -0.681881, -0.0746638, 0.0495329, 0.0317725
-0.0480018, 0.0667338, -0.682761, -0.0742897, 0.0495086, 0.0311123
-0.0485226, 0.0673765, -0.683617, -0.0736445, 0.0493507, 0.0298805
-0.0488013, 0.0677293, -0.683907, -0.0734167, 0.0493899, 0.0294343
-0.0491723, 0.0683669, -0.684142, -0.0729391, 0.049505, 0.0296601
-0.0495196, 0.0686048, -0.684284, -0.0724067, 0.0492917, 0.0304109
-0.0499185, 0.068984, -0.684425, -0.0715731, 0.0486406, 0.0311343
-0.0501069, 0.0692924, -0.684537, -0.0710895, 0.0482631, 0.0313485
-0.050253, 0.0696194, -0.684599, -0.0704282, 0.0476592, 0.0315915
-0.0503732, 0.0699324, -0.684798, -0.0694403, 0.0467199, 0.0313572
-0.0504998, 0.0700734, -0.684916, -0.0691592, 0.0464777, 0.0313008
-0.0505947, 0.0701982, -0.685214, -0.0683605, 0.0457718, 0.0310617
-0.050636, 0.0703266, -0.685522, -0.0678697, 0.0453941, 0.030503
-0.0506263, 0.07044, -0.685989, -0.0673411, 0.0449282, 0.0291012
-0.0506517, 0.0704648, -0.686356, -0.0670955, 0.0447602, 0.028551
-0.0505525, 0.0704319, -0.686547, -0.0669493, 0.0449216, 0.0264146
-0.0504969, 0.0703885, -0.686735, -0.0671593, 0.0449937, 0.0252585
-0.0504023, 0.0701738, -0.686903, -0.0673454, 0.0454586, 0.0237698
-0.0503637, 0.0701034, -0.687019, -0.0677398, 0.0457651, 0.0231603
-0.0503054, 0.0699363, -0.686981, -0.0678228, 0.046975, 0.0225741
-0.0502872, 0.0698158, -0.686911, -0.0678513, 0.047502, 0.0224429
-0.0502502, 0.0695985, -0.686934, -0.0679169, 0.0479777, 0.0220057
-0.0502725, 0.0692729, -0.686834, -0.067918, 0.0489883, 0.0217704
-0.0503491, 0.0690538, -0.686677, -0.0677021, 0.0494939, 0.0218016
-0.0503383, 0.0687375, -0.686613, -0.0675078, 0.0498026, 0.0211481
-0.050326, 0.0683482, -0.686486, -0.0671875, 0.0500357, 0.0206523
-0.0503339, 0.0680141, -0.685832, -0.0666292, 0.0506128, 0.0205455
-0.05028, 0.0678236, -0.685192, -0.0663474, 0.0508128, 0.0200898
-0.0502627, 0.0673695, -0.68501, -0.0659773, 0.0503669, 0.0203951
-0.049985, 0.0671069, -0.684404, -0.0652527, 0.0501023, 0.020395
-0.0493521, 0.0666858, -0.683834, -0.0644121, 0.0488053, 0.0198201
-0.0489248, 0.0659189, -0.683617, -0.0640151, 0.0477082, 0.0193361
-0.0476414, 0.0654252, -0.682807, -0.0637885, 0.0456617, 0.0169447
-0.0468846, 0.0648125, -0.681763, -0.0638309, 0.0449178, 0.0158352
-0.045333, 0.0639602, -0.679482, -0.0642225, 0.0432752, 0.0138892
-0.044197, 0.0634846, -0.678528, -0.0645572, 0.0420434, 0.0129625
-0.043102, 0.0618436, -0.674783, -0.0656638, 0.0413102, 0.0135047
-0.042216, 0.0608405, -0.673515, -0.0661329, 0.0401025, 0.0143655
-0.0408399, 0.0598159, -0.66947, -0.0670419, 0.0391959, 0.015736
-0.0397844, 0.0592111, -0.667199, -0.0673652, 0.0384729, 0.0172116
-0.0381382, 0.0578726, -0.664323, -0.0678597, 0.0358317, 0.0196235
-0.0376852, 0.0565298, -0.661519, -0.0681223, 0.0350134, 0.0208654
-0.0351538, 0.055391, -0.657417, -0.0692064, 0.0323472, 0.0213308
-0.0339675, 0.0546724, -0.654224, -0.0700046, 0.0316687, 0.0221763
-0.0317745, 0.0533797, -0.648401, -0.0708048, 0.0297822, 0.0250176
-0.0304338, 0.0525906, -0.645378, -0.0712403, 0.0285742, 0.0261543
-0.027812, 0.0513993, -0.639683, -0.0712254, 0.0256029, 0.0280969
-0.0260733, 0.0505952, -0.636743, -0.0712534, 0.0236585, 0.0281504
-0.0236552, 0.0486226, -0.63142, -0.0715065, 0.01969, 0.0272348
-0.0207074, 0.0475464, -0.623392, -0.071294, 0.0173483, 0.025816
-0.0193166, 0.046533, -0.619756, -0.0711378, 0.0157973, 0.0257959
-0.0169032, 0.0452588, -0.612104, -0.0700106, 0.0134296, 0.0269329
-0.01558, 0.0448689, -0.60842, -0.0694506, 0.012152, 0.0279056
-0.0144601, 0.0440605, -0.601143, -0.0674954, 0.0101077, 0.0318342
-0.0133212, 0.0437612, -0.596752, -0.0659423, 0.00941074, 0.0343472
-0.0124022, 0.043544, -0.590241, -0.0620237, 0.00734275, 0.0404378
-0.0114361, 0.043338, -0.584451, -0.0574119, 0.00500331, 0.0463308
-0.0106845, 0.0431943, -0.581643, -0.0547389, 0.0037712, 0.0485055
-0.0103994, 0.0430426, -0.575143, -0.0499631, 0.00289575, 0.0540404
-0.00993714, 0.0429622, -0.572839, -0.0474153, 0.00183458, 0.0567477
-0.00992471, 0.0429023, -0.567416, -0.0425695, 0.000715079, 0.0616829
-0.00983963, 0.0428354, -0.564808, -0.040465, 0.000455105, 0.0642935
-0.00995062, 0.0427383, -0.559828, -0.0360744, 0.000553392, 0.0689587
-0.0099298, 0.0426788, -0.556943, -0.0346398, 0.000635235, 0.0711944
-0.010022, 0.0426351, -0.552662, -0.0312767, 0.000923896, 0.0746625
-0.00996682, 0.0425458, -0.550194, -0.0302122, 0.00156914, 0.075816
-0.0100824, 0.0423406, -0.544563, -0.0289631, 0.00306234, 0.0785567
-0.0102278, 0.0420734, -0.539742, -0.0282851, 0.00394729, 0.0812918
-0.0103186, 0.0418893, -0.536531, -0.0281269, 0.0047351, 0.0824479
-0.0104232, 0.0415261, -0.532064, -0.0286596, 0.00532509, 0.0841525
-0.0104705, 0.0411109, -0.529646, -0.0292561, 0.00550973, 0.0848279
-0.0105702, 0.0403184, -0.524868, -0.0307385, 0.00607182, 0.0862478
-0.0106313, 0.0397665, -0.522065, -0.0315939, 0.00624431, 0.0869569
-0.0107513, 0.0390345, -0.517434, -0.0332819, 0.00639082, 0.0887584
-0.0107815, 0.038186, -0.515251, -0.0342726, 0.00580095, 0.0893521
-0.0107698, 0.0361641, -0.510713, -0.0366224, 0.00550924, 0.0897382
-0.0107376, 0.0352624, -0.507274, -0.03757, 0.00561517, 0.0898431
-0.0104855, 0.0337522, -0.502651, -0.0391855, 0.0043271, 0.0893427
-0.0100863, 0.03213, -0.49767, -0.0410245, 0.00285569, 0.0885913
-0.00994139, 0.0310014, -0.494398, -0.0419361, 0.00228221, 0.08858
-0.00959618, 0.0292859, -0.490012, -0.043338, -0.000136279, 0.0886905
-0.00932257, 0.0283278, -0.487365, -0.0441206, -0.00107501, 0.0887031
-0.00898966, 0.0263363, -0.483202, -0.0452252, -0.0038005, 0.0892655
-0.00866018, 0.025254, -0.480839, -0.045604, -0.00532375, 0.0893101
-0.00841203, 0.0233453, -0.476076, -0.0462362, -0.00805835, 0.0895039
-0.00810454, 0.0217388, -0.469974, -0.0469392, -0.0104606, 0.0889756
-0.00798207, 0.0208245, -0.46657, -0.0475531, -0.0112604, 0.089277
-0.00786502, 0.0194358, -0.4604, -0.0484848, -0.0130967, 0.0927665
-0.00781535, 0.0188174, -0.457929, -0.0478748, -0.0147443, 0.0940732
-0.00777808, 0.0165692, -0.453317, -0.0473541, -0.0178135, 0.0956191
-0.00767992, 0.0153144, -0.451022, -0.0474189, -0.019577, 0.095858
-0.0076144, 0.012306, -0.446475, -0.0466584, -0.0229369, 0.0962951
-0.00731753, 0.00975804, -0.441609, -0.0465235, -0.0260617, 0.0937709
-0.00708824, 0.00904037, -0.43944, -0.0466198, -0.0281507, 0.0917828
-0.00668179, 0.00576476, -0.435294, -0.047042, -0.0313197, 0.0878829
-0.00639832, 0.0042231, -0.433046, -0.0473702, -0.032979, 0.085216
-0.00593543, 0.000719562, -0.427379, -0.0487499, -0.0350489, 0.0799827
-0.00558076, -0.000613809, -0.424557, -0.0496664, -0.0362949, 0.0766294
-0.00507117, -0.00355061, -0.418942, -0.0521362, -0.0379893, 0.0706797
-0.00452377, -0.00744117, -0.41238, -0.0559412, -0.0390549, 0.0640868
-0.00419064, -0.00897549, -0.409609, -0.0582426, -0.0400044, 0.0613718
-0.0037391, -0.0122368, -0.403737, -0.0618974, -0.0410674, 0.0559259
-0.00324401, -0.0156162, -0.397845, -0.066197, -0.0419825, 0.0492842
-0.00300095, -0.0169696, -0.393976, -0.0687672, -0.0416517, 0.0465005
-0.00267435, -0.0194275, -0.388761, -0.0725239, -0.0424294, 0.0421183
-0.00250149, -0.0210771, -0.384973, -0.0745101, -0.0421736, 0.0396958
-0.00223749, -0.0228426, -0.380169, -0.078031, -0.042733, 0.0350586
-0.00210729, -0.024227, -0.375138, -0.0809009, -0.0429881, 0.03165
-0.00210944, -0.0251702, -0.372712, -0.0821509, -0.0432015, 0.0305322
-0.00231261, -0.0259003, -0.36807, -0.0842446, -0.0426357, 0.0303126
-0.00239459, -0.0263261, -0.366171, -0.0848651, -0.0428668, 0.03059
-0.00280867, -0.0274735, -0.363595, -0.0851465, -0.043399, 0.0313558
-0.0030786, -0.0283521, -0.361962, -0.0850662, -0.0434746, 0.0309842
-0.00346185, -0.0292129, -0.359462, -0.0850794, -0.0436397, 0.0301448
-0.00379125, -0.0297401, -0.357916, -0.0847674, -0.0436981, 0.0296361
-0.00407658, -0.0301993, -0.356469, -0.0843724, -0.0436518, 0.0291424
-0.00421408, -0.03042, -0.354987, -0.0835091, -0.0434722, 0.0281417
-0.00462029, -0.0310388, -0.353161, -0.0824988, -0.0434432, 0.0265102
-0.00492163, -0.0314678, -0.351761, -0.0814935, -0.0431449, 0.0252364
-0.00534507, -0.0316188, -0.350567, -0.0810619, -0.0427161, 0.0236172
-0.00562799, -0.0322643, -0.349574, -0.0805035, -0.042339, 0.0227211
-0.0065663, -0.0324715, -0.346328, -0.0789484, -0.0405332, 0.0203447
-0.00712147, -0.0326656, -0.344753, -0.0782539, -0.0398618, 0.0192289
-0.00777496, -0.0331809, -0.342855, -0.0775168, -0.0388582, 0.0185421
-0.00878648, -0.0333521, -0.339724, -0.075799, -0.037234, 0.0166955
-0.00956968, -0.0338076, -0.337338, -0.0745623, -0.0364031, 0.0164363
-0.0101158, -0.0339197, -0.335385, -0.0732662, -0.0358633, 0.0151911
-0.0104295, -0.034033, -0.333304, -0.0723157, -0.0351199, 0.0139983
-0.0110099, -0.0341265, -0.330768, -0.0700401, -0.0349218, 0.0115822
-0.0112981, -0.0341745, -0.328622, -0.0686858, -0.0345558, 0.0109381
-0.0115744, -0.0341966, -0.327108, -0.0671886, -0.034564, 0.0101983
-0.0116603, -0.0339924, -0.324629, -0.0638684, -0.0349761, 0.00791189
-0.0117521, -0.0337511, -0.323085, -0.0620906, -0.0353204, 0.00622376
-0.0118393, -0.0336334, -0.321703, -0.0606087, -0.035655, 0.00483273
-0.0118044, -0.033095, -0.319162, -0.0572767, -0.0364051, 0.00161059
-0.0118654, -0.0329379, -0.317845, -0.0558393, -0.0369032, 0.000764356
-0.0118656, -0.0323437, -0.315686, -0.0528665, -0.0380003, -0.00100483
-0.0119097, -0.0321363, -0.314577, -0.0512312, -0.0387243, -0.000992288
-0.0118967, -0.0315757, -0.312877, -0.0484536, -0.0400683, -0.00131648
-0.0118947, -0.0311746, -0.312091, -0.0469501, -0.0410226, -0.00096332
-0.0118302, -0.0303945, -0.310948, -0.0443842, -0.0426644, -0.000947112
-0.0117415, -0.0297942, -0.310145, -0.0432018, -0.0434196, -0.000339895
-0.0116159, -0.0291439, -0.309585, -0.0419562, -0.044352, 0.000240693
-0.0114835, -0.0284084, -0.308616, -0.0398358, -0.0457227, 0.00154373
-0.0113735, -0.0277945, -0.307962, -0.0390788, -0.0461804, 0.00226326
-0.0113612, -0.0274875, -0.307528, -0.038155, -0.0467579, 0.00347702
-0.0113282, -0.0264917, -0.306597, -0.0366236, -0.0472975, 0.00489297
-0.0112905, -0.0259763, -0.305843, -0.0360461, -0.0473172, 0.00554422
-0.0112479, -0.025571, -0.305288, -0.0354843, -0.047454, 0.00583791
-0.0111941, -0.0247994, -0.304184, -0.0348274, -0.0472794, 0.00552686
-0.0112111, -0.024512, -0.303092, -0.0345865, -0.0469141, 0.0054203
-0.0112582, -0.0242328, -0.301962, -0.0342381, -0.0465469, 0.00499824
-0.0112184, -0.0236626, -0.300717, -0.0337309, -0.0461786, 0.00290082
-0.011328, -0.0234813, -0.297339, -0.0334945, -0.0442484, 0.000968413
-0.0113739, -0.0232578, -0.295949, -0.0330372, -0.043608, -2.97309e-05
-0.0114484, -0.0231243, -0.293316, -0.0322989, -0.0417942, -0.0022003
-0.0113715, -0.0227891, -0.290469, -0.0319226, -0.0397189, -0.00504361
-0.01142, -0.0225004, -0.288323, -0.0320979, -0.0380881, -0.0056342
-0.0115846, -0.0223298, -0.285762, -0.0309569, -0.0356827, -0.00481734
-0.0116542, -0.0220006, -0.284082, -0.0304333, -0.03409, -0.0046487
-0.0119248, -0.021681, -0.281507, -0.0289397, -0.0311105, -0.00306894
-0.0123904, -0.0215153, -0.279363, -0.0270217, -0.0282404, -0.000381602
-0.0126907, -0.0212353, -0.278322, -0.0260884, -0.026695, -0.000348255
-0.0132964, -0.0207903, -0.27657, -0.0241782, -0.0237319, 0.00143966
-0.013724, -0.020645, -0.274891, -0.0232683, -0.0216521, 0.00283663
-0.0146342, -0.0203652, -0.273179, -0.0213775, -0.0186534, 0.00645608
-0.0152025, -0.0196624, -0.271507, -0.019214, -0.0158227, 0.00845961
-0.0157782, -0.0194927, -0.270308, -0.0183456, -0.0143302, 0.00998271
-0.0167009, -0.0193429, -0.268427, -0.017173, -0.0115437, 0.0142439
-0.0171532, -0.0191017, -0.267311, -0.0160445, -0.0102232, 0.0161758
-0.0181035, -0.0186721, -0.265032, -0.0148401, -0.00702668, 0.0202331
-0.0191564, -0.0184746, -0.262659, -0.0135956, -0.00425646, 0.0253466
-0.019757, -0.0178637, -0.26145, -0.0127661, -0.00301783, 0.0274282
-0.0207204, -0.0175143, -0.259702, -0.0112058, -0.000563063, 0.0302414
-0.0213935, -0.0173213, -0.258282, -0.0108912, 0.000594275, 0.0314632
-0.0221842, -0.0167453, -0.256148, -0.00971922, 0.00268763, 0.0333006
-0.0227565, -0.016339, -0.254004, -0.00888484, 0.00443249, 0.0346881
-0.023136, -0.0161805, -0.253072, -0.00828069, 0.0048682, 0.0352515
-0.023299, -0.0155165, -0.251566, -0.00707767, 0.00543502, 0.0351649
-0.0235026, -0.0153385, -0.250666, -0.00613139, 0.00517492, 0.0344573
-0.0236086, -0.0151775, -0.250046, -0.00566265, 0.00498572, 0.0339296
-0.0237279, -0.0149252, -0.248993, -0.00446325, 0.00434537, 0.0331795
-0.0238162, -0.0147611, -0.248611, -0.00379404, 0.00356728, 0.0330586
-0.0238821, -0.0145154, -0.248164, -0.00219339, 0.00187982, 0.0331357
-0.0239716, -0.0141393, -0.247449, -0.000872863, 0.000437932, 0.0343789
-0.0240053, -0.0137109, -0.246818, 0.000597927, -1.05551e-05, 0.0353019
-0.0240354, -0.0132752, -0.246478, 0.00241012, -0.0017185, 0.0368953
-0.0240061, -0.0128486, -0.246215, 0.003211, -0.00247799, 0.0377921
-0.0239757, -0.0119828, -0.245927, 0.00516302, -0.00408364, 0.0391383
-0.0239195, -0.0116374, -0.245628, 0.00567391, -0.00446113, 0.0399801
-0.023815, -0.0107188, -0.245365, 0.00718828, -0.00582427, 0.0416402
-0.0237332, -0.00999262, -0.24514, 0.00862287, -0.00644358, 0.0416457
-0.0236171, -0.00953033, -0.244938, 0.0086497, -0.00650904, 0.0413304
-0.023571, -0.00895982, -0.244561, 0.00910421, -0.00656658, 0.0415927
-0.0235204, -0.00861843, -0.244364, 0.00913303, -0.00658554, 0.041524
-0.0234582, -0.00816415, -0.244036, 0.00908372, -0.00636494, 0.0412163
-0.0233817, -0.00783797, -0.243841, 0.00897277, -0.00632081, 0.0405333
-0.0232889, -0.00755076, -0.243727, 0.00881113, -0.00643865, 0.0396659
-0.0230693, -0.0072062, -0.243614, 0.00894411, -0.00677425, 0.0364917
-0.0229229, -0.00695618, -0.243512, 0.00834871, -0.00679505, 0.0344171
-0.0228103, -0.00678982, -0.242719, 0.00691713, -0.00633021, 0.0331037
-0.0227351, -0.00656088, -0.242583, 0.00681223, -0.00710301, 0.0337874
-0.0226591, -0.00631075, -0.24235, 0.00705356, -0.00738225, 0.0335225
-0.022531, -0.00619657, -0.242237, 0.00662519, -0.00812526, 0.0326835
-0.0224332, -0.00609672, -0.242121, 0.00635707, -0.00830088, 0.0326281
-0.0223136, -0.00590267, -0.242047, 0.00621217, -0.00910415, 0.0330588
-0.0221885, -0.00577524, -0.242035, 0.00607583, -0.00966038, 0.0329261
-0.0220926, -0.00566842, -0.242047, 0.00598989, -0.00993235, 0.0328548
-0.0219305, -0.00551194, -0.242116, 0.00596212, -0.0103254, 0.0322769
-0.0217631, -0.00533218, -0.242235, 0.00609187, -0.0105925, 0.0314942
-0.0215456, -0.00522574, -0.242288, 0.00624558, -0.0105874, 0.0291437
-0.0213742, -0.0051489, -0.242657, 0.0065482, -0.0110746, 0.0274424
-0.0209552, -0.00507765, -0.243826, 0.00856446, -0.0123587, 0.0210059
-0.0200326, -0.00485807, -0.246408, 0.0101275, -0.0141, 0.00472949
-0.019671, -0.00479996, -0.246649, 0.0102887, -0.0135211, -0.00381388
-0.0187734, -0.00478219, -0.246696, 0.0115228, -0.0140455, -0.0219432
-0.0174958, -0.00448532, -0.247148, 0.0128541, -0.0150724, -0.0441206
-0.0169333, -0.00444825, -0.247269, 0.013211, -0.015397, -0.055032
-0.0157058, -0.00446589, -0.247337, 0.0141835, -0.0162027, -0.0764143
-0.0143154, -0.00434621, -0.247342, 0.0161418, -0.0172035, -0.100963
-0.013596, -0.00435383, -0.247648, 0.0164801, -0.017928, -0.113796
-0.0120367, -0.00415856, -0.247735, 0.0180666, -0.018845, -0.141398
-0.0112849, -0.00419004, -0.247806, 0.0184928, -0.0191146, -0.155989
-0.00998345, -0.00438834, -0.247825, 0.0179268, -0.0190063, -0.183269
-0.00878022, -0.00463876, -0.247521, 0.0169341, -0.0186189, -0.207635
-0.00832312, -0.00473355, -0.247067, 0.0162488, -0.0180059, -0.218331
-0.00751533, -0.0049789, -0.246144, 0.0148431, -0.0165356, -0.237187
-0.00719456, -0.00504988, -0.245818, 0.0142617, -0.0158206, -0.246334
-0.0066708, -0.00529438, -0.245307, 0.0129169, -0.0138692, -0.264069
-0.00618834, -0.00551417, -0.244975, 0.0114865, -0.0114866, -0.283653
-0.0062513, -0.00577835, -0.244836, 0.00998695, -0.010317, -0.292648
-0.00624784, -0.00619522, -0.244824, 0.0078382, -0.00752607, -0.308848
-0.00627095, -0.006298, -0.244751, 0.00697869, -0.00593986, -0.317982
-0.00635029, -0.00661178, -0.244695, 0.00443464, -0.00238035, -0.335905
-0.00670766, -0.00682569, -0.244605, 0.0015282, 0.00116624, -0.352449
-0.00724123, -0.00696803, -0.244203, 0.000360795, 0.00346831, -0.360398
-0.00750606, -0.00708947, -0.244215, -0.00250899, 0.00699706, -0.37925
-0.00778677, -0.00720637, -0.244184, -0.00408294, 0.00862938, -0.388212
-0.00803491, -0.00749405, -0.244276, -0.00729589, 0.0116908, -0.404823
-0.00846457, -0.00765036, -0.244007, -0.00887662, 0.0136724, -0.41297
-0.00878444, -0.00766165, -0.243933, -0.0115971, 0.0168935, -0.431764
-0.00923319, -0.00773318, -0.243821, -0.0150585, 0.0200429, -0.453257
-0.00957384, -0.00782757, -0.243822, -0.0170099, 0.0210857, -0.463097
-0.0101275, -0.00820167, -0.243799, -0.0203051, 0.0233296, -0.480258
-0.0104059, -0.0085779, -0.243875, -0.0234744, 0.0249834, -0.494847
-0.0109623, -0.00882262, -0.243727, -0.0249533, 0.025797, -0.499429
-0.010956, -0.00870797, -0.243622, -0.026107, 0.0271234, -0.509776
-0.0108829, -0.00882343, -0.243442, -0.0273075, 0.0279568, -0.517609
-0.0109205, -0.00879708, -0.243182, -0.027564, 0.0283487, -0.52097
-0.0110589, -0.0088861, -0.242742, -0.0270488, 0.0287961, -0.529758
-0.0110786, -0.00880897, -0.242611, -0.0270633, 0.0284512, -0.534124
-0.011082, -0.00891622, -0.242322, -0.0264627, 0.0278914, -0.54072
-0.0110271, -0.00881982, -0.242149, -0.0256638, 0.0268303, -0.54659
-0.0110694, -0.00871191, -0.241913, -0.025338, 0.0263308, -0.548921
-0.0109104, -0.00844961, -0.24154, -0.0237873, 0.0255405, -0.554404
-0.0108239, -0.00817362, -0.241134, -0.0229626, 0.0251304, -0.558637
-0.010594, -0.0078911, -0.240942, -0.0220514, 0.023516, -0.565341
-0.010392, -0.00750548, -0.240385, -0.0212328, 0.0226866, -0.570881
-0.0102776, -0.00716231, -0.239747, -0.0206995, 0.0225562, -0.574403
-0.00999625, -0.00667187, -0.239239, -0.0201648, 0.0217549, -0.583003
-0.00990982, -0.00653152, -0.239088, -0.0203376, 0.0210269, -0.586179
-0.00983782, -0.006465, -0.23878, -0.0206152, 0.020306, -0.588697
-0.00978309, -0.00616359, -0.23832, -0.0209777, 0.0201427, -0.590288
-0.00977902, -0.00590917, -0.237984, -0.0214794, 0.0200354, -0.590154
-0.00981482, -0.00546742, -0.237169, -0.0216321, 0.0204063, -0.589819
-0.00980631, -0.00513829, -0.236827, -0.0218706, 0.0204194, -0.590133
-0.00983048, -0.00465114, -0.236679, -0.0224443, 0.020175, -0.58942
-0.00987631, -0.00362625, -0.236555, -0.0224278, 0.0206012, -0.588565
-0.00991191, -0.00306708, -0.23644, -0.0223614, 0.020824, -0.588371
-0.00994083, -0.00278192, -0.236354, -0.0227443, 0.0209686, -0.588371
-0.0100201, -0.0025164, -0.236298, -0.0230452, 0.0209627, -0.587101
-0.0101133, -0.00224192, -0.236194, -0.0230874, 0.0215011, -0.585896
-0.0101416, -0.0015038, -0.236153, -0.0233714, 0.0218104, -0.586023
-0.0102038, -0.00131207, -0.23608, -0.023761, 0.0222517, -0.58581
-0.0103113, -0.000950538, -0.236084, -0.0245212, 0.0226268, -0.585777
-0.0104074, -0.000599995, -0.236031, -0.0248589, 0.0230321, -0.58565
-0.0105214, -0.000212431, -0.235921, -0.0250946, 0.0234777, -0.58588
-0.0106189, -2.64719e-05, -0.235723, -0.0253381, 0.0238394, -0.585846
-0.0107013, 4.84586e-05, -0.235484, -0.0258237, 0.0240391, -0.586522
-0.0107582, 0.000105534, -0.235388, -0.0259624, 0.0236887, -0.586797
-0.01081, 0.00016148, -0.235216, -0.0258356, 0.0236877, -0.586806
-0.010839, 0.000256512, -0.235076, -0.0255554, 0.0234746, -0.587124
-0.010862, 0.000311565, -0.234817, -0.025276, 0.0233742, -0.587203
-0.0108223, 0.000376873, -0.234462, -0.0243659, 0.022914, -0.587525
-0.0107851, 0.00051846, -0.234217, -0.0237154, 0.0226767, -0.587537
-0.0107617, 0.000599138, -0.234062, -0.0230747, 0.0222196, -0.587072
-0.0106851, 0.00076095, -0.233863, -0.0223443, 0.0218957, -0.586655
-0.0106241, 0.00100616, -0.233632, -0.0214456, 0.0216534, -0.586075
-0.0105462, 0.0012559, -0.233402, -0.0195549, 0.0207208, -0.584405
-0.0103949, 0.00145891, -0.233254, -0.0186424, 0.0202296, -0.584122
-0.0101711, 0.00160923, -0.233075, -0.0179329, 0.0198207, -0.583609
-0.00996095, 0.00195291, -0.232904, -0.0170626, 0.0194576, -0.583448
-0.00983811, 0.0020928, -0.232679, -0.016047, 0.0185929, -0.582329
-0.00967978, 0.00232496, -0.232357, -0.0154858, 0.0185219, -0.582436
-0.00950731, 0.00242782, -0.232211, -0.0153223, 0.0180582, -0.582589
-0.00932897, 0.00255625, -0.232095, -0.0151358, 0.0176125, -0.582565
-0.00911843, 0.00266901, -0.231935, -0.0150713, 0.016932, -0.582759
-0.0089855, 0.0027619, -0.231757, -0.0150811, 0.0167497, -0.582734
-0.00885188, 0.00282763, -0.231554, -0.0151508, 0.0166331, -0.582901
-0.00870599, 0.00290276, -0.231389, -0.0152581, 0.0164388, -0.58327
-0.00856023, 0.00295019, -0.231239, -0.0153721, 0.0162463, -0.583578
-0.00839137, 0.00287864, -0.231168, -0.016029, 0.0155373, -0.583163
-0.00829454, 0.00286734, -0.231014, -0.0162356, 0.0155625, -0.582957
-0.00821914, 0.00282434, -0.230953, -0.0165811, 0.0150935, -0.582356
-0.00815314, 0.00271834, -0.231005, -0.0170108, 0.0144186, -0.580974
-0.00820481, 0.00219941, -0.231028, -0.0174062, 0.0142097, -0.578268
-0.00787367, 0.00227709, -0.231535, -0.0175966, 0.0131195, -0.575995
-0.00771876, 0.001726, -0.231814, -0.0180526, 0.0124319, -0.564008
-0.00761946, 0.00178293, -0.232135, -0.017956, 0.0122272, -0.556132
-0.00783805, 0.00191757, -0.232212, -0.0172277, 0.0126322, -0.548401
-0.00788192, 0.00207638, -0.232349, -0.0169002, 0.0126192, -0.540346
-0.00797379, 0.00226153, -0.23241, -0.0165708, 0.0130578, -0.531607
-0.00815444, 0.002488, -0.232643, -0.0162927, 0.0128631, -0.521862
-0.00872813, 0.00261964, -0.232725, -0.0147777, 0.0129362, -0.500551
-0.00916509, 0.00254703, -0.232795, -0.0141312, 0.0130795, -0.48843
-0.00941538, 0.00275521, -0.23285, -0.0131726, 0.0133436, -0.476762
-0.00972973, 0.00280332, -0.232954, -0.0128265, 0.0133591, -0.464362
-0.0106544, 0.0031723, -0.233066, -0.0113827, 0.0137513, -0.436631
-0.0111712, 0.00333341, -0.233072, -0.00983174, 0.0147347, -0.424131
-0.0120408, 0.00368998, -0.233058, -0.00853418, 0.0155415, -0.402042
-0.0124381, 0.0036635, -0.233162, -0.00814331, 0.0155747, -0.388979
-0.0133865, 0.00406072, -0.233206, -0.00651403, 0.0163962, -0.364375
-0.0142197, 0.00437723, -0.233212, -0.00549597, 0.0178998, -0.340932
-0.0143866, 0.00450356, -0.233209, -0.00442983, 0.018974, -0.330835
-0.0148932, 0.00479596, -0.233728, -0.00250377, 0.0208952, -0.315478
-0.0150648, 0.00477756, -0.234686, -0.0020774, 0.0214148, -0.309191
-0.0153393, 0.00470298, -0.235611, -0.00169223, 0.0239711, -0.302405
-0.0156918, 0.0041596, -0.236031, -0.00565813, 0.026629, -0.295664
-0.0160062, 0.0039419, -0.236283, -0.00674753, 0.0275579, -0.289837
-0.016473, 0.00324789, -0.237649, -0.00702704, 0.0296588, -0.282331
-0.0165999, 0.00312208, -0.237947, -0.00860041, 0.0314421, -0.28039
-0.0171138, 0.00193281, -0.238337, -0.0120769, 0.0336535, -0.272461
-0.017565, 0.00085032, -0.238794, -0.0147101, 0.035755, -0.265253
-0.0178303, 4.50872e-05, -0.23925, -0.0162188, 0.0364754, -0.261466
-0.0183786, -0.00129538, -0.239911, -0.0195754, 0.0379101, -0.252526
-0.0190685, -0.00246703, -0.240295, -0.0231901, 0.0397737, -0.239956
-0.0194478, -0.00323525, -0.240486, -0.0244717, 0.0406561, -0.23207
-0.0198162, -0.00415701, -0.241295, -0.0246731, 0.0408121, -0.224399
-0.0203136, -0.00537093, -0.242344, -0.0260284, 0.0418334, -0.213171
-0.0205476, -0.00633925, -0.242934, -0.0270792, 0.0421952, -0.206968
-0.0206971, -0.00686223, -0.243688, -0.027635, 0.04239, -0.201422
-0.0208799, -0.00762035, -0.244412, -0.028547, 0.0426644, -0.195833
-0.0209672, -0.00797407, -0.244712, -0.0294292, 0.0431584, -0.189761
-0.0211537, -0.00851991, -0.244924, -0.0311921, 0.0449014, -0.174045
-0.0213143, -0.00917812, -0.245087, -0.0309105, 0.0452251, -0.164366
-0.0217981, -0.0104636, -0.246355, -0.029666, 0.0450482, -0.146908
-0.021979, -0.0118502, -0.246739, -0.0289125, 0.0453009, -0.138591
-0.0219316, -0.0123579, -0.247799, -0.0275752, 0.0446369, -0.132171
-0.0217891, -0.0131843, -0.248472, -0.0264954, 0.0440663, -0.121822
-0.0211889, -0.0134174, -0.248731, -0.0267156, 0.044237, -0.116215
-0.0209254, -0.0133756, -0.248127, -0.0269373, 0.0453565, -0.0971581
-0.0208687, -0.013622, -0.248029, -0.0253121, 0.0451152, -0.0847566
-0.0207749, -0.0137284, -0.24794, -0.0233459, 0.0452257, -0.0733061
-0.0210805, -0.0141215, -0.247765, -0.0197592, 0.0455516, -0.0493655
-0.0210436, -0.0142831, -0.248163, -0.0172309, 0.0447207, -0.0386435
-0.0210285, -0.0145259, -0.248384, -0.0149556, 0.0442303, -0.0290087
-0.0210567, -0.01502, -0.248514, -0.0124937, 0.0437365, -0.019909
-0.0206918, -0.0151134, -0.248428, -0.00890438, 0.043332, -0.00569325
-0.0204003, -0.0150522, -0.248072, -0.00770925, 0.0440179, 0.00356226
-0.0202797, -0.0149619, -0.247368, -0.00600216, 0.0445258, 0.0149619
-0.0207094, -0.0147544, -0.246972, -0.00110203, 0.0440164, 0.03939
-0.0208072, -0.0145109, -0.246864, 0.00237096, 0.0432402, 0.0498606
-0.0209661, -0.014267, -0.246739, 0.00469341, 0.0430405, 0.0591346
-0.0214881, -0.0142045, -0.246677, 0.00940691, 0.0418072, 0.0766002
-0.0216761, -0.013989, -0.246512, 0.0110169, 0.0420255, 0.084683
-0.0221399, -0.0137779, -0.246726, 0.0154986, 0.0401914, 0.0995565
-0.0222759, -0.0134716, -0.246773, 0.017464, 0.0395852, 0.105468
-0.0226027, -0.0133895, -0.246668, 0.0202989, 0.0389699, 0.117069
-0.0227741, -0.0132161, -0.246592, 0.0215739, 0.038675, 0.122987
-0.0230979, -0.0129097, -0.246538, 0.0236053, 0.0375773, 0.133889
-0.0230673, -0.012318, -0.246481, 0.0241158, 0.0374793, 0.139321
-0.0233975, -0.0122727, -0.246404, 0.0250584, 0.0369222, 0.151805
-0.0235456, -0.0122149, -0.246341, 0.0252665, 0.0367931, 0.164505
-0.0237074, -0.0119133, -0.246187, 0.025127, 0.0370031, 0.171147
-0.0241111, -0.0119271, -0.245832, 0.0243572, 0.0376594, 0.186779
-0.0242393, -0.0118443, -0.245693, 0.0238284, 0.0379009, 0.195393
-0.0245631, -0.0116842, -0.244809, 0.0226373, 0.0393331, 0.214575
-0.0251974, -0.0115768, -0.244701, 0.0217527, 0.0398978, 0.237162
-0.0256016, -0.0115881, -0.244597, 0.0214601, 0.0396278, 0.248514
-0.0261915, -0.011426, -0.244934, 0.0216167, 0.0385507, 0.266438
-0.0262549, -0.0110068, -0.245001, 0.021404, 0.0384542, 0.271916
-0.0264918, -0.0110044, -0.245347, 0.0191222, 0.038009, 0.282384
-0.0265826, -0.0110108, -0.245491, 0.0178325, 0.0380983, 0.288491
-0.0268724, -0.0112122, -0.245689, 0.0156729, 0.0373595, 0.301716
-0.0268409, -0.0111105, -0.245914, 0.0147481, 0.0364562, 0.307432
-0.0267094, -0.0112468, -0.24632, 0.0126145, 0.0346387, 0.317743
-0.0264285, -0.0112989, -0.246533, 0.0112683, 0.0336859, 0.322051
-0.0262381, -0.0114379, -0.246693, 0.0101581, 0.0330497, 0.326068
-0.0259423, -0.0116075, -0.247309, 0.00714356, 0.0308628, 0.332455
-0.0254978, -0.0116566, -0.247224, 0.00610826, 0.0308387, 0.335041
-0.0249237, -0.0119387, -0.247553, 0.00424196, 0.0278482, 0.336977
-0.0244601, -0.0119788, -0.247671, 0.00270912, 0.0271487, 0.336485
-0.02387, -0.012155, -0.247847, 0.000110853, 0.0250721, 0.336187
-0.0232759, -0.0121617, -0.247009, -0.00156134, 0.0245766, 0.335424
-0.0228524, -0.0123302, -0.246948, -0.00193568, 0.0234102, 0.335639
-0.0223935, -0.0123509, -0.24693, -0.00256421, 0.0214983, 0.333689
-0.0220561, -0.0123622, -0.247105, -0.00244214, 0.0201415, 0.331945
-0.0215407, -0.0099471, -0.245416, -0.00232459, 0.0210862, 0.325975
-0.0213915, -0.00993115, -0.244945, -0.00194866, 0.020613, 0.325689
-0.0210938, -0.0100168, -0.24472, -0.000462036, 0.0191033, 0.323187
-0.0209153, -0.0103095, -0.244659, 0.000581803, 0.0170627, 0.321438
-0.0207867, -0.0101413, -0.244515, 0.00146527, 0.0167144, 0.320516
-0.0207341, -0.00984068, -0.243799, 0.00438659, 0.0156884, 0.320498
-0.0206572, -0.00960713, -0.243481, 0.006185, 0.0147404, 0.319864
-0.0205704, -0.00928929, -0.243298, 0.00766042, 0.0137406, 0.318796
-0.0204723, -0.00865521, -0.24302, 0.00912722, 0.0129591, 0.317239
-0.020376, -0.00812348, -0.242771, 0.0103601, 0.0121052, 0.316042
-0.0203117, -0.00759465, -0.242446, 0.0133284, 0.0102621, 0.315217
-0.0202818, -0.0072216, -0.241601, 0.0147935, 0.00999974, 0.314825
-0.0202644, -0.00698328, -0.241402, 0.0160185, 0.00897822, 0.314482
-0.0202321, -0.00649408, -0.2412, 0.0169526, 0.00811431, 0.313927
-0.0202136, -0.00599312, -0.240636, 0.0175933, 0.0077525, 0.313903
-0.0202494, -0.00584236, -0.240473, 0.0180597, 0.00683747, 0.314849
-0.0202154, -0.00568287, -0.240018, 0.0189494, 0.00640356, 0.315412
-0.0201743, -0.00553902, -0.239737, 0.0199193, 0.00484888, 0.315205
-0.0200602, -0.005287, -0.239474, 0.0199913, 0.00431423, 0.313828
-0.0197887, -0.00498651, -0.23938, 0.0194479, 0.00373252, 0.312451
-0.0196203, -0.00485694, -0.239296, 0.018794, 0.00324122, 0.31215
-0.0194985, -0.0049093, -0.239303, 0.0181874, 0.00249638, 0.312134
-0.0193602, -0.00518407, -0.239381, 0.0175305, 0.00207407, 0.311909
-0.0192717, -0.00593884, -0.239702, 0.0166003, 0.00139859, 0.311828
-0.0190003, -0.00603585, -0.239817, 0.0154287, 0.00179994, 0.310609
-0.0187703, -0.00720523, -0.240161, 0.0126149, 0.00200138, 0.3107
-0.0185556, -0.007966, -0.240491, 0.0114999, 0.00197237, 0.31047
-0.0182982, -0.00884458, -0.241077, 0.010279, 0.00188121, 0.309702
-0.0180722, -0.0101585, -0.241246, 0.00924947, 0.0024129, 0.308609
-0.0177599, -0.0108366, -0.241737, 0.0079559, 0.00254977, 0.306581
-0.0175447, -0.0119617, -0.241629, 0.00698624, 0.00420147, 0.304829
-0.017104, -0.0129371, -0.241836, 0.00440925, 0.00531438, 0.300824
-0.0168624, -0.0141211, -0.242039, 0.00346823, 0.00580931, 0.300181
-0.0167218, -0.0159472, -0.242136, 0.00299793, 0.00656107, 0.300107
-0.0165593, -0.0168664, -0.242934, 0.00287885, 0.00630979, 0.299036
-0.0164479, -0.0189438, -0.243716, 0.00245617, 0.00661342, 0.298821
-0.0162898, -0.0208103, -0.244739, 0.00237787, 0.00667332, 0.298443
-0.0159976, -0.02169, -0.245626, 0.00236973, 0.00694747, 0.297273
-0.0155957, -0.023635, -0.245803, 0.00316024, 0.00894188, 0.295247
-0.0153607, -0.0261004, -0.246749, 0.00346518, 0.00894557, 0.294682
-0.0148836, -0.027855, -0.247007, 0.00394744, 0.00969394, 0.293053
-0.0144477, -0.03015, -0.247936, 0.00435751, 0.00979751, 0.291426
-0.0142011, -0.0317736, -0.248298, 0.0048653, 0.0107364, 0.289377
-0.0136422, -0.0336774, -0.248776, 0.00566614, 0.0113056, 0.287288
-0.0133394, -0.0359596, -0.249257, 0.00634763, 0.0118202, 0.284693
-0.0125371, -0.0437965, -0.251067, 0.00773689, 0.0123812, 0.278972
-0.0119586, -0.0460173, -0.253904, 0.00792258, 0.0112013, 0.273063
-0.0113038, -0.0481941, -0.254132, 0.00821063, 0.0122463, 0.267313
-0.0106716, -0.0502706, -0.254375, 0.00817178, 0.013327, 0.261861
-0.0100375, -0.0529426, -0.254505, 0.0080827, 0.014008, 0.25716
-0.00901996, -0.0558293, -0.254595, 0.00821391, 0.0150127, 0.252522
-0.00843013, -0.0582943, -0.254568, 0.0081536, 0.0157879, 0.248056
-0.00691905, -0.0632969, -0.254462, 0.00845715, 0.0164687, 0.239187
-0.0062771, -0.0659118, -0.254053, 0.0085975, 0.0171441, 0.234991
-0.00566263, -0.0684838, -0.25348, 0.008621, 0.0177358, 0.231518
-0.00495264, -0.0704812, -0.252802, 0.00874751, 0.018153, 0.228217
-0.00404646, -0.0724304, -0.252285, 0.0088367, 0.018298, 0.225488
-0.0032973, -0.0749916, -0.252041, 0.00910753, 0.0179767, 0.223877
-0.00290619, -0.0778109, -0.251532, 0.00979457, 0.01774, 0.222649
-0.00180595, -0.0792772, -0.250999, 0.0101291, 0.0175935, 0.220234
-0.00118098, -0.0844871, -0.249593, 0.0113459, 0.0170335, 0.217436
-1.95643e-05, -0.0861785, -0.249379, 0.0114967, 0.0159793, 0.214866
0.000830443, -0.08832, -0.248883, 0.0115778, 0.0154687, 0.21357
0.00171588, -0.0907616, -0.248683, 0.0116716, 0.0146603, 0.212792
0.00245738, -0.0927983, -0.248335, 0.0120183, 0.014027, 0.211953
0.00341706, -0.0957056, -0.248004, 0.0119439, 0.013443, 0.211464
0.00473047, -0.0999084, -0.247575, 0.0117894, 0.0118537, 0.210565
0.00586139, -0.102404, -0.247443, 0.0114278, 0.0109188, 0.209733
0.00699285, -0.105874, -0.247011, 0.011069, 0.0104655, 0.208955
0.00804648, -0.108272, -0.246839, 0.0104649, 0.00980149, 0.207122
0.00903728, -0.1106, -0.246729, 0.00939024, 0.00882871, 0.205283
0.0103271, -0.113519, -0.246329, 0.00849552, 0.00872503, 0.203674
0.0115595, -0.116725, -0.246062, 0.00739239, 0.00839436, 0.201636
0.0138267, -0.122935, -0.246093, 0.00492881, 0.00758584, 0.195546
0.0153188, -0.126755, -0.246053, 0.00352813, 0.00716864, 0.191625
0.0167471, -0.130376, -0.245744, 0.00193115, 0.00750286, 0.187394
0.0179896, -0.134144, -0.245482, -0.00026595, 0.00776589, 0.183555
0.019473, -0.137757, -0.245237, -0.00185994, 0.00790341, 0.179437
0.0209432, -0.141548, -0.245215, -0.00374679, 0.00781054, 0.174962
0.0223201, -0.145447, -0.244783, -0.00526248, 0.00831298, 0.170266
0.0251093, -0.153405, -0.244675, -0.00880956, 0.00846436, 0.160254
0.0264857, -0.158115, -0.24415, -0.0104579, 0.00904712, 0.155584
0.0278573, -0.162482, -0.243385, -0.0120738, 0.0098005, 0.151265
0.0292199, -0.166655, -0.24263, -0.0132607, 0.0104183, 0.146786
0.0304487, -0.170752, -0.242296, -0.0146939, 0.0106862, 0.142219
0.0317248, -0.175127, -0.24208, -0.0157171, 0.0107945, 0.137862
0.0340843, -0.183373, -0.241641, -0.0173898, 0.0110888, 0.128706
0.0354537, -0.187071, -0.240777, -0.017946, 0.0116044, 0.123397
0.0368318, -0.191745, -0.240311, -0.0184859, 0.011643, 0.118897
0.0382451, -0.195498, -0.239817, -0.0188665, 0.0116546, 0.113712
0.0395885, -0.19927, -0.239189, -0.0189245, 0.0117596, 0.108626
0.0407897, -0.203486, -0.238645, -0.0188187, 0.0117138, 0.103644
0.0421447, -0.206391, -0.238106, -0.0191124, 0.0118104, 0.0984285
0.0442643, -0.213671, -0.236955, -0.0181804, 0.0123267, 0.0919919
0.0453626, -0.217308, -0.236187, -0.0171429, 0.0127937, 0.0890364
0.047108, -0.223271, -0.235205, -0.0147962, 0.0136772, 0.0829111
0.048101, -0.226604, -0.23443, -0.0134419, 0.0143338, 0.0796421
0.0495485, -0.231644, -0.233557, -0.0104351, 0.0153389, 0.071744
0.050432, -0.234536, -0.232966, -0.00917246, 0.0159959, 0.0679946
0.0515229, -0.239522, -0.231891, -0.00568322, 0.0174391, 0.0613074
0.0525213, -0.244653, -0.231111, -0.00235438, 0.0186639, 0.054034
0.0530455, -0.247183, -0.230591, -0.000608248, 0.0193087, 0.0501182
0.0538005, -0.251604, -0.229464, 0.00322028, 0.0206675, 0.041142
0.0545018, -0.255438, -0.228335, 0.0055957, 0.0217616, 0.0329378
0.0548737, -0.257654, -0.227552, 0.00677582, 0.0223416, 0.0302924
0.055323, -0.261128, -0.226617, 0.00997884, 0.0231229, 0.025734
0.0555551, -0.262605, -0.226018, 0.0113904, 0.0234786, 0.023711
0.0557662, -0.265343, -0.22489, 0.0149832, 0.0241394, 0.0206767
0.0559655, -0.26782, -0.223711, 0.0186484, 0.0242854, 0.0158944
0.0560685, -0.268968, -0.223125, 0.0203555, 0.0240873, 0.0131865
0.0563647, -0.270055, -0.221732, 0.0236653, 0.0237313, 0.00639726
0.0564535, -0.271023, -0.221324, 0.0247764, 0.022976, 0.00409692
0.0564826, -0.271807, -0.220768, 0.0260301, 0.0224134, 0.0029199
0.0565646, -0.272063, -0.21953, 0.0286598, 0.021282, 0.000787003
0.0564679, -0.272528, -0.218672, 0.0297787, 0.0206092, 0.00212268
0.0563665, -0.272783, -0.218185, 0.031594, 0.0197214, 0.00340771
0.0562426, -0.272888, -0.216867, 0.0350484, 0.0183899, 0.00388596
0.0561434, -0.27292, -0.216387, 0.0369497, 0.017292, 0.00356459
0.0561217, -0.272985, -0.215782, 0.0382702, 0.0163506, 0.00232844
0.0562077, -0.272962, -0.214911, 0.0401775, 0.0141203, -0.000283703
0.0562452, -0.272785, -0.214372, 0.0408172, 0.0129086, -0.00265612
0.05623, -0.272702, -0.214108, 0.041095, 0.0115226, -0.00335449
0.0561482, -0.272456, -0.213759, 0.0420793, 0.00912744, -0.00203572
0.056093, -0.272115, -0.213509, 0.0430449, 0.00789537, -0.00111573
0.0560437, -0.271695, -0.213305, 0.0439621, 0.00713164, -0.000929019
0.0559551, -0.271155, -0.213114, 0.0452867, 0.00580471, -0.00273885
0.0559026, -0.270586, -0.213, 0.0455541, 0.00534271, -0.0038653
0.0558131, -0.269973, -0.2129, 0.0458549, 0.00498936, -0.00485603
0.0555571, -0.268777, -0.212851, 0.0464424, 0.00448912, -0.00607612
0.0553316, -0.267763, -0.212819, 0.0468458, 0.00454104, -0.00678093
0.0550552, -0.266785, -0.212812, 0.0472494, 0.00450888, -0.00738793
0.0547654, -0.265638, -0.212814, 0.0478058, 0.00450269, -0.00819618
0.0544891, -0.264165, -0.212831, 0.0483481, 0.00459727, -0.00945532
0.0540311, -0.261144, -0.212865, 0.0493543, 0.00480328, -0.0113552
0.053631, -0.25908, -0.213015, 0.0500713, 0.0046294, -0.0126022
0.0532895, -0.257006, -0.21318, 0.0506412, 0.004548, -0.0139498
0.0529838, -0.254917, -0.213267, 0.0509371, 0.0046062, -0.0147626
0.0526952, -0.252581, -0.213322, 0.0513115, 0.00462529, -0.0148493
0.052308, -0.250365, -0.213372, 0.0519219, 0.0045362, -0.014247
0.0519391, -0.247708, -0.213673, 0.0528573, 0.00404565, -0.0138425
0.0514578, -0.245409, -0.21371, 0.0533346, 0.00440566, -0.0130525
0.0506785, -0.240383, -0.213849, 0.0544691, 0.00346592, -0.00964762
0.0500766, -0.237149, -0.213883, 0.0554553, 0.0032177, -0.00780492
0.0494784, -0.234034, -0.213943, 0.0561664, 0.00284354, -0.00598214
0.0489325, -0.230805, -0.214087, 0.0571535, 0.0023152, -0.0040943
0.0482214, -0.227969, -0.214429, 0.0580786, 0.00166065, -0.00203248
0.0475056, -0.225154, -0.214491, 0.0590361, 0.00138288, -4.08316e-05
0.0468088, -0.221755, -0.2147, 0.059768, 0.000881443, -2.63489e-05
0.0455206, -0.215783, -0.215178, 0.0612475, -5.45235e-05, 0.00177987
0.0445264, -0.212316, -0.215668, 0.0616906, -0.000874073, 0.0032949
0.043738, -0.209444, -0.216153, 0.0620726, -0.0016212, 0.00567359
0.0428732, -0.206483, -0.21628, 0.0623714, -0.00200766, 0.00789421
0.042152, -0.203513, -0.21645, 0.0623588, -0.00240566, 0.0106772
0.0413108, -0.200346, -0.21665, 0.0624756, -0.0032093, 0.01392
0.040538, -0.196413, -0.216915, 0.0631935, -0.00405828, 0.0161365
0.0397534, -0.193039, -0.21707, 0.0636887, -0.00475384, 0.0177489
0.038581, -0.185577, -0.217165, 0.0640633, -0.00568432, 0.0183979
0.0378497, -0.181733, -0.217292, 0.0638394, -0.00621231, 0.0181035
0.0372421, -0.178308, -0.217401, 0.063527, -0.00653203, 0.0177354
0.0366963, -0.174537, -0.21756, 0.0628101, -0.00710715, 0.0175919
0.0352971, -0.168379, -0.217666, 0.0615302, -0.00779373, 0.0196721
0.0344868, -0.164674, -0.217654, 0.0608282, -0.00814943, 0.0205289
0.0338338, -0.160609, -0.217629, 0.0602555, -0.00860111, 0.0208929
0.0325645, -0.153571, -0.217721, 0.0584337, -0.00981239, 0.0209141
0.0316092, -0.150159, -0.217703, 0.0571897, -0.0101491, 0.0214583
0.0310198, -0.146242, -0.217762, 0.0563651, -0.0111045, 0.0215442
0.0297569, -0.139468, -0.218006, 0.0540914, -0.0128191, 0.0224272
0.0289007, -0.135961, -0.218072, 0.0531617, -0.0133683, 0.0229932
0.0280999, -0.132637, -0.21816, 0.0520135, -0.0141614, 0.0234017
0.0267684, -0.125833, -0.218548, 0.0498397, -0.0163934, 0.0254682
0.0259439, -0.122284, -0.218872, 0.0488929, -0.0176326, 0.0269984
0.0245062, -0.115474, -0.219407, 0.0470076, -0.0197625, 0.0306079
0.023452, -0.111771, -0.219565, 0.0462812, -0.0206054, 0.0327707
0.0225709, -0.10813, -0.21994, 0.0456168, -0.0216846, 0.0345269
0.021134, -0.100159, -0.220974, 0.0448445, -0.0238925, 0.0364663
0.0200589, -0.0963605, -0.221297, 0.0442044, -0.0245911, 0.0377577
0.0190189, -0.09317, -0.221896, 0.0435673, -0.0255614, 0.0392169
0.0173314, -0.0863951, -0.222794, 0.0424769, -0.0271761, 0.0423881
0.0162096, -0.0824291, -0.223438, 0.0420821, -0.0279132, 0.0442528
0.0141026, -0.0752617, -0.22445, 0.0415023, -0.029039, 0.0473569
0.0129181, -0.0708749, -0.224733, 0.0411259, -0.0288941, 0.0487172
0.0116061, -0.0674751, -0.225399, 0.0408568, -0.0292715, 0.0509241
0.00944229, -0.0593427, -0.226061, 0.0406198, -0.0289577, 0.054155
0.00789358, -0.0551483, -0.226446, 0.040615, -0.0285652, 0.0563709
0.00647514, -0.0509408, -0.226891, 0.0408072, -0.0282888, 0.0578198
0.00422156, -0.0424877, -0.227702, 0.0411189, -0.0278069, 0.0586202
0.00234506, -0.0389448, -0.227917, 0.0409769, -0.0269687, 0.0588586
0.000911935, -0.0348236, -0.228227, 0.0409898, -0.0265834, 0.0581598
-0.00210275, -0.0292201, -0.228407, 0.0404598, -0.0253318, 0.056895
-0.00386338, -0.0256533, -0.228592, 0.0397029, -0.0244465, 0.0565035
-0.00746732, -0.0204231, -0.228399, 0.0387596, -0.0228146, 0.0580763
-0.00900513, -0.01684, -0.228392, 0.038439, -0.0226966, 0.0578835
-0.0105545, -0.0134798, -0.22836, 0.0386576, -0.0226168, 0.0564557
-0.0138172, -0.00941106, -0.227682, 0.037514, -0.0214773, 0.0528574
-0.015962, -0.00776017, -0.226533, 0.0363854, -0.0208425, 0.0531765
-0.0173959, -0.00592618, -0.226316, 0.035953, -0.0215869, 0.0539043
-0.0186287, -0.00318754, -0.225815, 0.035816, -0.0218123, 0.0539169
-0.0196936, -0.00138343, -0.225595, 0.0358185, -0.0224137, 0.0543961
-0.021236, 0.000203867, -0.225483, 0.0354954, -0.023146, 0.055124
-0.0225301, 0.00249036, -0.22535, 0.0356238, -0.0240756, 0.0556466
-0.024382, 0.00610314, -0.225183, 0.0365682, -0.0263569, 0.055622
-0.0255012, 0.00818795, -0.225169, 0.036993, -0.0277355, 0.0550254
-0.0266457, 0.00989803, -0.225273, 0.0372925, -0.0289343, 0.0547853
-0.0276922, 0.011821, -0.22539, 0.0378522, -0.0300309, 0.0546166
-0.029956, 0.0147885, -0.225352, 0.0393358, -0.0313014, 0.0534441
-0.0315163, 0.0162281, -0.225372, 0.0397636, -0.0320507, 0.0528762
-0.0328541, 0.0175056, -0.225321, 0.0401571, -0.0324667, 0.0523648
-0.034366, 0.0185796, -0.224911, 0.0404119, -0.0324987, 0.0527131
-0.0369672, 0.0204319, -0.223725, 0.0410828, -0.0330804, 0.0547705
-0.0384582, 0.0217167, -0.223431, 0.0413903, -0.0339861, 0.0559779
-0.0396171, 0.0225686, -0.222625, 0.0415151, -0.0343124, 0.0573253
-0.0409661, 0.02308, -0.221985, 0.0415722, -0.0350313, 0.0588434
-0.0423337, 0.0245705, -0.221196, 0.0419136, -0.0371743, 0.0597703
-0.0428829, 0.0256163, -0.220661, 0.0422208, -0.0385029, 0.0592075
-0.0431989, 0.0265979, -0.220042, 0.0424425, -0.0397387, 0.0574055
-0.0433612, 0.0271064, -0.218932, 0.0423355, -0.0406224, 0.0552355
-0.0433805, 0.0277347, -0.217015, 0.0409961, -0.0426828, 0.0525125
-0.0435287, 0.0282379, -0.216156, 0.0407737, -0.0440626, 0.0515853
-0.04358, 0.0287611, -0.215893, 0.0402151, -0.0456974, 0.0503824
-0.0434413, 0.0293722, -0.214883, 0.0389537, -0.0478884, 0.0493308
-0.0432317, 0.0299324, -0.214586, 0.0382952, -0.0491837, 0.0488843
-0.0430871, 0.0301398, -0.214017, 0.0377666, -0.0498941, 0.0489036
-0.0429411, 0.0302919, -0.213667, 0.0370412, -0.0505926, 0.0490396
-0.0425571, 0.0305272, -0.213157, 0.0354816, -0.051569, 0.0498319
-0.042427, 0.0306697, -0.212974, 0.0346513, -0.0521903, 0.0509939
-0.0420508, 0.0313405, -0.212901, 0.0337913, -0.0529028, 0.0515606
-0.0418284, 0.0318793, -0.21293, 0.0325868, -0.0525209, 0.0516411
-0.041735, 0.0320588, -0.212922, 0.0320317, -0.0521961, 0.0519997
-0.0416333, 0.0322025, -0.212948, 0.0309902, -0.0511935, 0.0523921
-0.0414875, 0.0326998, -0.21297, 0.030507, -0.050215, 0.051383
-0.0413912, 0.0329223, -0.212998, 0.0299121, -0.0494357, 0.0508145
-0.0413286, 0.033228, -0.212897, 0.0293608, -0.0476692, 0.050356
-0.0413565, 0.0333561, -0.21274, 0.0288831, -0.0458684, 0.050112
-0.0413898, 0.0335997, -0.212561, 0.0289541, -0.0451185, 0.0498526
-0.0413862, 0.0338835, -0.212414, 0.0292717, -0.0441578, 0.0487779
-0.0414101, 0.0341638, -0.212151, 0.029809, -0.0433501, 0.0478626
-0.0414258, 0.0344937, -0.2119, 0.0301778, -0.04307, 0.0471571
-0.0415475, 0.0346551, -0.21144, 0.0306818, -0.0426685, 0.0466496
-0.0416491, 0.0347978, -0.211193, 0.0316022, -0.0429974, 0.0473619
-0.0417309, 0.0349336, -0.210927, 0.0320708, -0.0431006, 0.047632
-0.0417995, 0.0353236, -0.210377, 0.0331865, -0.0434087, 0.0477253
-0.0418561, 0.0355889, -0.210021, 0.0335692, -0.0437167, 0.0478532
-0.0418702, 0.036465, -0.20946, 0.0345211, -0.0446343, 0.0474645
-0.0418113, 0.0368513, -0.208821, 0.0345089, -0.0456088, 0.0461297
-0.0416782, 0.0376744, -0.208129, 0.0343236, -0.0468623, 0.0448342
-0.0415922, 0.0379035, -0.207425, 0.0338257, -0.0472468, 0.0442534
-0.0414337, 0.038507, -0.205803, 0.0330619, -0.0479879, 0.043305
-0.0412614, 0.0389484, -0.204496, 0.0324419, -0.0480559, 0.0423823
-0.0409577, 0.0392164, -0.203035, 0.0307464, -0.048534, 0.0413865
-0.0405904, 0.0396603, -0.200948, 0.0288977, -0.0484075, 0.0392823
-0.0403341, 0.0401846, -0.199373, 0.0277132, -0.0481329, 0.0383465
-0.0399678, 0.0405135, -0.197002, 0.0253182, -0.0478377, 0.0377959
-0.0396792, 0.040841, -0.195593, 0.0242937, -0.0477058, 0.0370935
-0.0394021, 0.0410472, -0.19264, 0.0211161, -0.0468708, 0.0358651
-0.0391988, 0.0411645, -0.190483, 0.0195102, -0.046282, 0.0363061
-0.038879, 0.0417262, -0.187004, 0.0169945, -0.0453507, 0.0368389
-0.0387495, 0.0418814, -0.182811, 0.0143887, -0.0438707, 0.0379684
-0.0384911, 0.0422535, -0.180525, 0.013367, -0.0432446, 0.0380181
-0.0381103, 0.0432789, -0.176096, 0.0119877, -0.0417498, 0.0368234
-0.0379122, 0.0435723, -0.173628, 0.0115827, -0.0410796, 0.0358188
-0.0373873, 0.0445526, -0.168213, 0.0102638, -0.0392796, 0.0326667
-0.0368927, 0.044995, -0.165231, 0.0099759, -0.0386774, 0.03126
-0.0363335, 0.0454252, -0.162589, 0.00964208, -0.0382182, 0.0294247
-0.036059, 0.0455993, -0.159794, 0.00917593, -0.0373847, 0.0285769
-0.0353788, 0.0460077, -0.153279, 0.0083823, -0.0352198, 0.029161
-0.034646, 0.04663, -0.149827, 0.00852352, -0.0344514, 0.0293362
-0.0340508, 0.0472232, -0.147021, 0.0094372, -0.0339097, 0.0287976
-0.0333764, 0.0481694, -0.144964, 0.0104252, -0.0337448, 0.0264528
-0.0319949, 0.0487887, -0.138476, 0.0111867, -0.0318086, 0.0219853
-0.0310931, 0.0496569, -0.134531, 0.0119421, -0.0310085, 0.0192639
-0.0301112, 0.049883, -0.131234, 0.0125395, -0.0302984, 0.0168978
-0.0281688, 0.0508566, -0.124696, 0.0139559, -0.0288455, 0.0107771
-0.0269398, 0.051184, -0.12096, 0.0149155, -0.0282128, 0.00725766
-0.0246383, 0.0518599, -0.114098, 0.0158566, -0.027204, 0.000215699
-0.0231551, 0.0522035, -0.110524, 0.0166395, -0.0271166, -0.00346129
-0.0203979, 0.0530022, -0.103312, 0.0182345, -0.0262259, -0.00927734
-0.0184494, 0.0536909, -0.100075, 0.0188126, -0.0264228, -0.0112328
-0.016115, 0.0538765, -0.0934797, 0.0214474, -0.0265714, -0.0143229
-0.0142587, 0.054491, -0.0898407, 0.0231794, -0.0270592, -0.0178102
-0.0108166, 0.0549265, -0.0828832, 0.0247663, -0.0276846, -0.0238725
-0.00875178, 0.0552837, -0.0791549, 0.0256102, -0.0284391, -0.0256603
-0.00723861, 0.0554801, -0.075842, 0.0264315, -0.029265, -0.0266936
-0.0055239, 0.0556861, -0.0729261, 0.0279059, -0.0305587, -0.0286489
-0.00250886, 0.0558114, -0.0661245, 0.0286524, -0.0318245, -0.0315081
-0.000763622, 0.0558897, -0.0628683, 0.0294787, -0.0329357, -0.0323843
0.000688356, 0.0559716, -0.0596735, 0.0298842, -0.033658, -0.0340324
0.00230651, 0.0560201, -0.0572189, 0.0297377, -0.0348056, -0.0355391
0.00356953, 0.0559103, -0.0538406, 0.0288332, -0.0351977, -0.0352967
0.00530762, 0.055694, -0.0494692, 0.0285457, -0.0371013, -0.0340747
0.00629354, 0.0553984, -0.0466023, 0.0278343, -0.0373627, -0.0342235
0.00690473, 0.0544582, -0.0444083, 0.0261684, -0.0374473, -0.0328854
0.00758679, 0.0539121, -0.0422862, 0.0248526, -0.0374221, -0.0312619
0.00858737, 0.0535826, -0.0391604, 0.0236826, -0.0369256, -0.0319525
0.00879667, 0.0524989, -0.0366008, 0.0215997, -0.0357749, -0.0318717
0.00913787, 0.0517989, -0.034881, 0.0200316, -0.0350428, -0.0315394
0.00947248, 0.0511921, -0.0336277, 0.018981, -0.0347087, -0.0314952
0.00980658, 0.0508127, -0.0318597, 0.0181591, -0.0339073, -0.0327589
0.0103593, 0.0496844, -0.0290626, 0.015578, -0.0327699, -0.0370307
0.010629, 0.0488795, -0.0270546, 0.0141023, -0.0319233, -0.039062
0.0108554, 0.0481518, -0.0252635, 0.012695, -0.0313983, -0.0406765
0.0110069, 0.0470181, -0.0233214, 0.0115854, -0.0308715, -0.0412042
0.0110396, 0.0459136, -0.0219355, 0.0106326, -0.0310774, -0.0408174
0.0110184, 0.0452041, -0.0211634, 0.00967704, -0.0313443, -0.0398343
0.011026, 0.044881, -0.0210392, 0.00832183, -0.0309731, -0.0386731
0.0107238, 0.0432535, -0.0209108, 0.00633052, -0.030247, -0.0351004
0.0101551, 0.0421836, -0.0208118, 0.00592595, -0.029665, -0.026639
0.0102448, 0.0420495, -0.0206145, 0.00761311, -0.0301543, -0.0261294
0.0103496, 0.0420337, -0.0204722, 0.0089442, -0.0311246, -0.0273297
0.0106988, 0.0423564, -0.020419, 0.0101313, -0.0319258, -0.0312196
0.0111423, 0.0428391, -0.0204651, 0.0109307, -0.0326237, -0.0364958
0.0114206, 0.0429414, -0.0203625, 0.0103095, -0.0321166, -0.0403438
0.0113123, 0.0427648, -0.0199397, 0.00850859, -0.0311672, -0.0403498
0.0107452, 0.0427702, -0.0199089, 0.00747012, -0.03043, -0.0330438
0.00992312, 0.042666, -0.0194943, 0.00831788, -0.029798, -0.0282007
0.00935323, 0.0427177, -0.0193172, 0.00927373, -0.0295862, -0.0249025
0.00912398, 0.0434515, -0.0190646, 0.0101089, -0.0286844, -0.0233871
0.00840638, 0.0436996, -0.0191227, 0.0105115, -0.0284892, -0.0216461
0.00749411, 0.0438131, -0.0191624, 0.0106317, -0.0276258, -0.0203272
0.00670217, 0.0438794, -0.0191306, 0.0103891, -0.0260962, -0.019217
0.00499381, 0.0438448, -0.0193105, 0.0104634, -0.0244778, -0.0191518
0.00395003, 0.0437493, -0.0194327, 0.00965513, -0.0233328, -0.0210678
0.00262412, 0.0428609, -0.0194822, 0.00771826, -0.0216145, -0.0214803
0.00139637, 0.0416773, -0.0194895, 0.00625582, -0.0204362, -0.0206032
0.000366844, 0.0407056, -0.0195241, 0.00540288, -0.0195656, -0.0198979
-0.000693568, 0.039767, -0.0195634, 0.00455608, -0.0183235, -0.0190727
-0.00154878, 0.0387447, -0.0195717, 0.00323917, -0.0172238, -0.017507
-0.00276998, 0.0375664, -0.0196322, 0.00180144, -0.0161015, -0.0136492
-0.00336814, 0.0370394, -0.0196769, 0.00145787, -0.0158756, -0.0124065
-0.00373825, 0.0367391, -0.0197429, 0.00143368, -0.015827, -0.0121815
-0.00411608, 0.0360581, -0.0199152, 0.00148301, -0.0159743, -0.0127542
-0.00420587, 0.0356632, -0.0199879, 0.00114962, -0.0158427, -0.0143606
-0.00429963, 0.0354205, -0.020063, 0.0010773, -0.0159228, -0.0165398
-0.00440054, 0.0347864, -0.0201278, 0.000833108, -0.0157247, -0.0181265
-0.00457183, 0.0344934, -0.0201865, -0.000386855, -0.0150668, -0.0211189
-0.00488872, 0.0338369, -0.0202032, -0.000849544, -0.0148384, -0.0211815
-0.00511854, 0.0335323, -0.0202057, -0.00116072, -0.014576, -0.021147
-0.00539861, 0.0332749, -0.0202109, -0.00143387, -0.0142662, -0.0208133
-0.0056853, 0.0330116, -0.0202182, -0.0016365, -0.0139761, -0.0201772
-0.00624292, 0.0327767, -0.020223, -0.0019575, -0.0132911, -0.0193472
-0.00654026, 0.0324375, -0.0202458, -0.00213636, -0.0130643, -0.0195734
-0.0068248, 0.0321188, -0.0202737, -0.00254749, -0.0126534, -0.0200929
-0.00720658, 0.0316866, -0.0202848, -0.00318921, -0.0120878, -0.0203013
-0.00753261, 0.0312299, -0.0203127, -0.00374178, -0.0117369, -0.0202245
-0.00810635, 0.0307728, -0.0203377, -0.00453645, -0.0107803, -0.0202122
-0.00867363, 0.0301949, -0.0203512, -0.00492407, -0.0102895, -0.020102
-0.0095807, 0.0292738, -0.0203374, -0.00570751, -0.0090678, -0.0200416
-0.0102573, 0.0287865, -0.0203462, -0.00613965, -0.00853309, -0.0199493
-0.0108158, 0.0282698, -0.0203577, -0.0066938, -0.00787063, -0.0195184
-0.0119012, 0.0275643, -0.0203898, -0.00763449, -0.00664207, -0.0166506
-0.012488, 0.0273368, -0.0203872, -0.0074051, -0.00646415, -0.0149927
-0.0127783, 0.0271283, -0.0202879, -0.0068013, -0.0060147, -0.014489
-0.0132039, 0.0271577, -0.020231, -0.00596158, -0.00570341, -0.0153224
-0.0135474, 0.0271402, -0.0202129, -0.00596378, -0.00549887, -0.0150883
-0.0137376, 0.0272066, -0.020141, -0.00561757, -0.00546771, -0.0146823
-0.0138924, 0.027369, -0.020103, -0.00494955, -0.00578773, -0.0145404
-0.0139903, 0.0275675, -0.0201686, -0.00424444, -0.00630414, -0.0150079
-0.0139827, 0.0280323, -0.0200359, -0.00346022, -0.00630115, -0.0166612
-0.0140066, 0.0282841, -0.0199247, -0.00325817, -0.00633311, -0.0169428
-0.0139984, 0.0285653, -0.0198981, -0.00284122, -0.00694653, -0.0166709
-0.0139587, 0.0288909, -0.0198877, -0.0025588, -0.00711433, -0.0167041
-0.0138936, 0.0291107, -0.0198787, -0.00214894, -0.00733451, -0.016891
-0.0138275, 0.0293684, -0.019892, -0.00205074, -0.00745908, -0.0170716
-0.0138059, 0.0294945, -0.0198954, -0.0019947, -0.00741421, -0.0168729
-0.0137666, 0.0299946, -0.0198263, -0.00159425, -0.0072274, -0.0170628
-0.0137402, 0.0302955, -0.0197747, -0.0014038, -0.00715104, -0.01709
-0.0137518, 0.0305862, -0.0197206, -0.000853673, -0.00712948, -0.0167906
-0.0137538, 0.0309099, -0.0196828, -0.000429082, -0.00708813, -0.016709
-0.0137591, 0.0312532, -0.0196441, 5.87802e-05, -0.00704609, -0.016684
-0.0137697, 0.0316665, -0.0195938, 5.86574e-05, -0.00698663, -0.0167909
-0.0137746, 0.0320471, -0.0195607, 5.79014e-05, -0.0068835, -0.0168228
-0.0138574, 0.0322467, -0.0194618, 0.000897736, -0.00671933, -0.0154708
-0.0138876, 0.032521, -0.0194063, 0.00134335, -0.00683475, -0.0150514
-0.0138638, 0.0329838, -0.0193494, 0.00206762, -0.00703482, -0.0154396
-0.0138367, 0.0332739, -0.0193135, 0.00212676, -0.00700441, -0.0157281
-0.0138438, 0.0334319, -0.0192574, 0.00231835, -0.00705829, -0.0153574
-0.0137953, 0.0337632, -0.0192213, 0.00247306, -0.00716126, -0.0156678
-0.0137545, 0.0339129, -0.0192059, 0.00256006, -0.00732036, -0.0159182
-0.0136565, 0.0341294, -0.0192331, 0.00236508, -0.00748983, -0.016494
-0.0136298, 0.0342609, -0.0192199, 0.00233751, -0.00733372, -0.0164237
-0.0135961, 0.034362, -0.0192382, 0.00225895, -0.00743485, -0.0165683
-0.0135809, 0.0344462, -0.0192565, 0.00220345, -0.00738318, -0.0165344
-0.0135861, 0.0345151, -0.0192744, 0.00214571, -0.00715862, -0.0166748
-0.0136645, 0.0345672, -0.0193271, 0.00176671, -0.00685178, -0.0168293
-0.0137833, 0.0345691, -0.019387, 0.00154116, -0.00670456, -0.0167183
-0.0139797, 0.0344894, -0.0194041, 0.00105517, -0.00596184, -0.016276
-0.0142171, 0.0343023, -0.0193818, 0.000775617, -0.00558815, -0.0154504
-0.0145582, 0.0340979, -0.0193316, 0.000808567, -0.00519069, -0.0140653
-0.0148644, 0.033579, -0.0193066, 0.00104159, -0.00521227, -0.0134096
-0.0149117, 0.0334803, -0.0192412, 0.00101193, -0.00494842, -0.0142835
-0.0150252, 0.0334705, -0.0192206, 0.00120729, -0.00515332, -0.0141277
-0.0151053, 0.0334919, -0.0191975, 0.00148142, -0.00519155, -0.0142613
-0.0151651, 0.0335024, -0.0191795, 0.00165772, -0.00529789, -0.014429
-0.0152057, 0.0335841, -0.0191691, 0.00171309, -0.00538642, -0.014589
-0.0152277, 0.0336154, -0.0191263, 0.00199343, -0.00546097, -0.0147385
-0.0152308, 0.0337196, -0.0190771, 0.0020245, -0.00546046, -0.0150267
-0.0152436, 0.0337748, -0.0190774, 0.00201071, -0.00565844, -0.014959
-0.0152332, 0.0339027, -0.0190643, 0.00217119, -0.00573556, -0.0149066
-0.0152336, 0.0339611, -0.0190341, 0.00234567, -0.00570836, -0.014848
-0.0152314, 0.0340047, -0.0190308, 0.00237198, -0.00579601, -0.0148197
-0.0152145, 0.0341233, -0.0190315, 0.00241027, -0.00581105, -0.0148557
-0.0152254, 0.0341758, -0.019024, 0.00252054, -0.00582579, -0.0146596
-0.0151963, 0.0342703, -0.0190561, 0.00248568, -0.00595695, -0.0148373
-0.0151849, 0.0343206, -0.0190766, 0.0022943, -0.00589331, -0.014717
-0.0151643, 0.0343545, -0.0190841, 0.00229445, -0.00590336, -0.0147412
-0.015127, 0.0343421, -0.019095, 0.00205821, -0.00587426, -0.0152895
-0.0151004, 0.0343028, -0.019104, 0.00177144, -0.00581524, -0.0154937
-0.0150895, 0.0342794, -0.019119, 0.00146852, -0.00576617, -0.0155732
-0.0151405, 0.0339759, -0.0190676, 0.00113198, -0.00536834, -0.0149457
-0.0151695, 0.0339092, -0.0190785, 0.00101725, -0.00544625, -0.01493
-0.0152577, 0.0338473, -0.0190293, 0.00120792, -0.00519923, -0.0142453
-0.0152796, 0.0338278, -0.0190296, 0.00150353, -0.0054047, -0.0142987
-0.015299, 0.0338624, -0.0190053, 0.00215441, -0.00555189, -0.0144171
-0.0152803, 0.0340688, -0.0190275, 0.00255667, -0.00576884, -0.0149114
-0.0152417, 0.0344194, -0.0190191, 0.00318207, -0.00589045, -0.0155911
-0.0152421, 0.0347052, -0.0190173, 0.0034192, -0.00575605, -0.0156326
-0.0152599, 0.0353034, -0.0190105, 0.00407813, -0.00565744, -0.0155965
-0.0152911, 0.0356632, -0.0189961, 0.00438222, -0.00535342, -0.015737
-0.0153748, 0.0358413, -0.0189799, 0.00458146, -0.00507352, -0.0157768
-0.0156326, 0.0360947, -0.0189856, 0.00471799, -0.00443203, -0.0155268
-0.0158298, 0.0363681, -0.0190282, 0.00481614, -0.00415652, -0.0153109
-0.0162296, 0.0365546, -0.0190673, 0.00507068, -0.00348388, -0.0147027
-0.0164646, 0.0367983, -0.0191201, 0.00515081, -0.00321014, -0.01477
-0.0168085, 0.0370016, -0.0191999, 0.00507759, -0.0027236, -0.0152125
-0.0170387, 0.0371266, -0.0192538, 0.00484548, -0.00230446, -0.0154103
-0.0174579, 0.0372249, -0.0193047, 0.00426212, -0.00158657, -0.0154492
-0.0178178, 0.037202, -0.0193341, 0.00399213, -0.00132871, -0.0153532
-0.0182701, 0.0367916, -0.0194197, 0.0032089, -0.000888485, -0.0156028
-0.0187073, 0.0363197, -0.0194424, 0.00264257, -0.000224054, -0.0152073
