573331231, 0.000122149, 0.000174824, 1.72768e-06, 0.000244141, 0, 0
100125745, 9.71663e-05, 0.000270464, -5.24736e-05, -2.98023e-08, 0.000244141, -0.000244141
100722392, 0.000114492, 0.00025085, -5.96106e-05, -2.98023e-08, 0.000244141, -0.000244141
92126764, 0.000120463, 0.000192653, -1.9892e-05, 0, 0, 0
106071104, 0.000113491, 0.000210643, 2.42277e-05, -2.98023e-08, 0.000244141, -0.000244141
91562863, 7.65304e-05, 0.000265203, 3.67395e-05, -2.98023e-08, 0.000244141, -0.000244141
91723399, 4.51853e-05, 0.000249378, 4.80049e-05, -5.96046e-08, 0.000345267, -0.000345267
92965258, 1.6861e-05, 0.000280268, 1.78411e-05, -2.98023e-08, 0.000244141, -0.000244141
91939836, -4.9211e-05, 0.0003004, 4.21516e-05, -5.96046e-08, 0.000345267, -0.000345267
98693281, -0.000111287, 0.000342071, 9.46323e-06, 0.000422791, 0.000345356, -0.000422937
92148199, -5.70535e-05, 0.000438236, -4.40044e-06, -2.98023e-08, 0.000244141, -0.000244141
101021149, 0.000124309, 0.000212982, -3.39323e-05, 0, 0, 0
93100617, 0.000171189, 0.000131939, -7.02201e-05, 0, 0, 0
91303993, 9.15862e-05, 0.000317704, -6.63985e-05, 0.000244141, 0, 0
91531188, 3.78403e-05, 0.000418771, -4.73444e-05, 0, 0, 0
92591439, 1.36855e-05, 0.00037609, -0.000138198, 0, 0, 0
106454528, -2.9407e-05, 0.000341158, -0.000108416, 0, 0, 0
92404530, -6.4993e-05, 0.000469133, -4.73828e-05, 0, 0.000244141, 0
92817458, -0.000100676, 0.000564463, -0.000114383, -5.96046e-08, 0.000345267, -0.000345267
91341926, -0.000118102, 0.000483245, -0.000129946, -4.21468e-08, 0.000345267, -0.000244141
93922476, -0.00023015, 0.000361882, 4.7813e-05, -0.000243619, 0.000732595, 0.00142366
92597267, 0.000635931, 0.000994325, 0.000355361, 0.000598204, -0.00106408, -0.000344949
94172073, 0.000536765, 0.000551473, 0.00060827, 0.000244799, 0.000422483, 0.00311693
94327148, 0.000102476, 0.000129208, 0.000573718, 7.91306e-07, 0.000945552, 0.00167374
92222252, -0.000204788, -0.0010258, 0.000542751, -0.000486169, 0.00088143, 0.00479682
94798796, 0.000300396, -0.00180108, 0.000586734, -0.00100661, 2.84484e-06, 0.00565227
91976465, 0.000337673, -0.00193457, 0.000704978, 1.8938e-06, 0.00042286, 0.00895703
98717626, 5.92734e-05, -0.000613183, 0.000778822, 0.00198732, 0.000836497, 0.00929901
95502712, 0.000388135, -1.14366e-05, 0.000606705, 0.000730405, -0.000773949, 0.00521942
94976822, 0.00153239, -0.00127394, -2.81348e-05, -0.000362875, -0.00342486, 0.0102795
96262457, 0.00295295, -0.00226091, -0.0025152, -0.00167947, -0.00542454, 0.00210977
96651738, 0.00336751, -0.00465616, -0.00738243, -0.00500324, -0.0101665, -0.0151901
95218486, 0.00232749, -0.00829209, -0.0182443, -0.000627409, -0.0140406, -0.0149634
100715238, 3.22016e-06, -0.00881879, -0.0307691, 0.00872094, -0.0185537, -0.0095686
93150689, -0.0042397, -0.00395291, -0.0451386, 0.0211456, -0.0221856, 0.0135301
106855203, -0.0127415, 0.00339985, -0.0634292, 0.0330955, -0.0263077, 0.0474325
104259908, -0.022684, 0.0113568, -0.0785279, 0.0462319, -0.0210615, 0.0775862
105295348, -0.0357139, 0.0217016, -0.101445, 0.0620547, -0.00590646, 0.0918397
105342511, -0.0500308, 0.0235631, -0.121351, 0.0724192, 0.00971632, 0.100371
103688850, -0.0643683, 0.028146, -0.143381, 0.0821906, 0.0289719, 0.110524
103935519, -0.0798321, 0.0330908, -0.174233, 0.0894634, 0.0495781, 0.136801
102513546, -0.0932623, 0.0367767, -0.202551, 0.081149, 0.0722247, 0.133324
104436882, -0.108879, 0.0331837, -0.226812, 0.0644546, 0.0993215, 0.144957
105413421, -0.123748, 0.027657, -0.25187, 0.049513, 0.11967, 0.16406
103809974, -0.141362, 0.0198186, -0.278619, 0.0303272, 0.142666, 0.179066
103999007, -0.156033, 0.0132035, -0.300697, 0.0157732, 0.159733, 0.196445
94244329, -0.165727, 0.008851, -0.315383, 0.00493834, 0.173608, 0.209488
91226379, -0.173825, 0.00419495, -0.329894, -0.00715612, 0.185295, 0.212767
105737088, -0.182201, -0.00185973, -0.34943, -0.0250035, 0.198559, 0.214427
102558537, -0.186765, -0.00528229, -0.36614, -0.0345528, 0.206688, 0.222767
98117057, -0.188899, -0.00748975, -0.384526, -0.0400718, 0.206508, 0.224703
105856846, -0.189865, -0.00960752, -0.412499, -0.0496328, 0.19869, 0.21888
103657534, -0.189569, -0.0109583, -0.435993, -0.0577973, 0.187882, 0.225786
104431383, -0.187314, -0.00999115, -0.461091, -0.0598818, 0.170003, 0.227323
93853397, -0.184493, -0.00776159, -0.476732, -0.0608995, 0.157034, 0.233613
103739068, -0.179022, -0.00267132, -0.509598, -0.0615545, 0.127143, 0.232146
105235178, -0.173788, 0.00238245, -0.531213, -0.061853, 0.105047, 0.228589
103784509, -0.168449, 0.00864188, -0.560759, -0.0559478, 0.0786117, 0.225361
103429494, -0.164751, 0.0153363, -0.581383, -0.0501652, 0.0662786, 0.20432
102391160, -0.1625, 0.0224231, -0.600678, -0.0391839, 0.0601314, 0.188741
104683042, -0.161198, 0.0280823, -0.614654, -0.0323593, 0.0597186, 0.177705
104937727, -0.160868, 0.0308934, -0.630844, -0.0285096, 0.0583638, 0.187653
103398369, -0.16109, 0.0323739, -0.656949, -0.0214052, 0.0548124, 0.193012
94969126, -0.163594, 0.0304279, -0.668583, -0.0202778, 0.0600761, 0.18605
103432956, -0.168741, 0.0253614, -0.6797, -0.0170215, 0.0641388, 0.19657
102316102, -0.172761, 0.0209887, -0.68339, -0.0138146, 0.0633902, 0.196953
102603670, -0.176549, 0.0177366, -0.683462, -0.00419956, 0.0629479, 0.192541
104651534, -0.180348, 0.0159078, -0.680301, 0.0153166, 0.0589866, 0.21545
103998650, -0.178617, 0.0157696, -0.683222, 0.0277163, 0.0456923, 0.209875
103627614, -0.170211, 0.00983493, -0.683291, 0.0326564, 0.0314742, 0.193862
104323648, -0.159252, -0.000662278, -0.684678, 0.0315726, 0.0108233, 0.193673
103005240, -0.147054, -0.0179071, -0.685822, 0.022804, -0.00784727, 0.190562
104958203, -0.132991, -0.0384597, -0.685874, 0.0124533, -0.0232361, 0.182485
104476995, -0.115794, -0.0691927, -0.683936, -0.000877143, -0.0352056, 0.170768
104874517, -0.0990595, -0.0973905, -0.681256, -0.00973594, -0.0432336, 0.144308
103463020, -0.0829067, -0.126098, -0.673992, -0.0145681, -0.0454896, 0.120353
106197289, -0.0669108, -0.154525, -0.664181, -0.021045, -0.0460339, 0.0947684
105601290, -0.0471436, -0.187536, -0.649827, -0.0312549, -0.0469659, 0.0789751
105871277, -0.0290816, -0.218767, -0.636699, -0.0432291, -0.0501342, 0.0625319
94441044, -0.0161472, -0.244068, -0.625252, -0.0485264, -0.0520686, 0.0522409
103482696, -0.00227279, -0.278137, -0.611116, -0.0504443, -0.052807, 0.0355327
91143069, 0.00370663, -0.298205, -0.603845, -0.0453279, -0.0505833, 0.0434548
102976041, 0.00922146, -0.320166, -0.600132, -0.0420977, -0.049126, 0.0306927
104039250, 0.011515, -0.335343, -0.598469, -0.0373729, -0.0467398, 0.0163093
91829289, 0.0124481, -0.345331, -0.597064, -0.0338565, -0.043158, 0.00785568
103984634, 0.0133747, -0.355671, -0.595186, -0.0372499, -0.0421767, -0.00951362
105116883, 0.0131746, -0.365989, -0.594636, -0.0464511, -0.0427749, 0.000784458
91238780, 0.0132132, -0.370642, -0.591796, -0.0559318, -0.0398125, 0.00227108
94446900, 0.0137647, -0.377134, -0.589313, -0.0672095, -0.037945, 0.00509071
91107910, 0.0147948, -0.380553, -0.584562, -0.0734934, -0.0380828, 0.00906987
91347069, 0.0162583, -0.381171, -0.579006, -0.0729018, -0.040803, 0.00554312
91833430, 0.0179864, -0.380919, -0.573935, -0.0698986, -0.0457095, -0.00214484
105387605, 0.0185687, -0.380209, -0.566527, -0.0612845, -0.0455795, -0.00743652
104243158, 0.0172454, -0.378905, -0.554718, -0.0540263, -0.0397343, -0.0177297
106063317, 0.0153701, -0.379054, -0.541, -0.0502701, -0.0343002, -0.028877
96762705, 0.0139274, -0.379813, -0.528349, -0.0467852, -0.0321778, -0.040062
94991586, 0.0129342, -0.380397, -0.510804, -0.0436776, -0.0320285, -0.054107
95163226, 0.0126293, -0.381568, -0.490996, -0.0426965, -0.0320123, -0.060329
105327505, 0.0135476, -0.381765, -0.464669, -0.0395087, -0.0301949, -0.0752754
92748197, 0.0142508, -0.381734, -0.445313, -0.038771, -0.025485, -0.082916
92832516, 0.0146062, -0.38116, -0.424547, -0.0401642, -0.0182175, -0.0877012
92001653, 0.0134614, -0.379255, -0.402069, -0.0408839, -0.00771528, -0.0828039
106612398, 0.0087378, -0.374507, -0.372827, -0.0387694, 0.0151758, -0.0708759
91895942, 0.00379057, -0.372248, -0.358356, -0.0400278, 0.0296976, -0.0549197
104315127, -0.00270985, -0.364589, -0.33415, -0.0307968, 0.0483807, -0.0342078
104256465, -0.00664248, -0.358755, -0.315732, -0.0232113, 0.0537543, -0.0290827
91839733, -0.00835251, -0.354587, -0.298004, -0.0179877, 0.0522761, -0.0194961
104333081, -0.00707137, -0.35125, -0.271887, -0.0204954, 0.0366959, -0.00825405
104344694, 0.000361411, -0.348833, -0.250035, -0.0244832, 0.0117277, 0.0152818
91429928, 0.00854182, -0.344693, -0.230032, -0.0309446, -0.00927316, 0.0163469
104070085, 0.0230365, -0.341158, -0.210365, -0.0427344, -0.0496272, 0.0189981
102921653, 0.0337603, -0.337656, -0.197206, -0.0508356, -0.0830507, 0.0320507
95144072, 0.0400208, -0.333623, -0.186382, -0.0538358, -0.102057, 0.0298962
92888224, 0.0444128, -0.332164, -0.178635, -0.0566218, -0.115107, 0.0274473
95567914, 0.0458523, -0.330762, -0.172107, -0.0561469, -0.115942, 0.021563
93873894, 0.0457971, -0.329879, -0.166505, -0.051575, -0.110453, 0.0129848
91373604, 0.0431701, -0.327541, -0.160935, -0.0407195, -0.0981654, 0.00802643
91909973, 0.0396023, -0.324426, -0.156241, -0.0294753, -0.0847324, 0.00296209
91364391, 0.0342928, -0.320971, -0.150471, -0.0191138, -0.0661057, 0.00433245
90914916, 0.029373, -0.318048, -0.14451, -0.0153182, -0.0492471, 0.00677223
106280008, 0.0238789, -0.316424, -0.139095, -0.0167933, -0.0313665, 0.00568777
91589941, 0.0212461, -0.31587, -0.136909, -0.0192188, -0.0232311, 0.00518716
104704552, 0.0196168, -0.315609, -0.135575, -0.021848, -0.0193113, 0.00512171
104083157, 0.018867, -0.314259, -0.135076, -0.021764, -0.021318, 0.00934058
103240908, 0.0189403, -0.309113, -0.134609, -0.0216741, -0.0279163, 0.0164466
90914498, 0.0189681, -0.298164, -0.134633, -0.0195386, -0.0308784, 0.0337858
92980373, 0.0179847, -0.277174, -0.134217, -0.0153322, -0.0330988, 0.0589284
91260560, 0.0155582, -0.254672, -0.133476, -0.0117538, -0.0299959, 0.0844793
103843852, 0.00883235, -0.216205, -0.130552, -0.0059751, -0.0196292, 0.122792
103124034, 0.00172232, -0.182318, -0.127646, -0.00365174, -0.00877987, 0.150765
106542223, -0.00746958, -0.140791, -0.121204, -0.00116151, 0.00607105, 0.176299
94099288, -0.0146555, -0.112001, -0.115716, 0.000100598, 0.0155847, 0.178885
91048446, -0.021098, -0.0852239, -0.111732, 0.00145036, 0.0214094, 0.195491
103916540, -0.0268661, -0.0472494, -0.104405, 0.00296061, 0.0240939, 0.199536
103485435, -0.0302932, -0.0201471, -0.0987545, 0.00173249, 0.0220025, 0.195474
106112977, -0.0337242, 0.00982787, -0.0933106, 0.00870229, 0.0200061, 0.206237
105761604, -0.0361458, 0.0311029, -0.0879274, 0.0135294, 0.0194239, 0.211626
104359985, -0.0377041, 0.0458185, -0.0851113, 0.0121555, 0.01903, 0.208324
96820557, -0.0386307, 0.0533434, -0.0830103, 0.00753137, 0.0209305, 0.205092
104309207, -0.0390874, 0.0586964, -0.0825211, -0.000574146, 0.0245892, 0.196241
103351450, -0.03999, 0.0596231, -0.0836387, -0.00758141, 0.030938, 0.181456
90980261, -0.0404811, 0.0601603, -0.0853892, -0.00740209, 0.0342322, 0.164067
103400678, -0.0422003, 0.0590702, -0.0867317, -0.019904, 0.045457, 0.123809
103196430, -0.0463453, 0.0525886, -0.0855706, -0.0339905, 0.0617592, 0.118371
91900657, -0.0495, 0.0499082, -0.0872293, -0.0446342, 0.0720828, 0.100935
104200656, -0.057195, 0.0442539, -0.0845715, -0.0546797, 0.0910575, 0.0912192
104684587, -0.0636811, 0.0436152, -0.0793138, -0.0484907, 0.105425, 0.100346
94430350, -0.0689986, 0.0464903, -0.0737731, -0.0409925, 0.11451, 0.0902036
103986554, -0.0719655, 0.0504168, -0.0641713, -0.0294377, 0.119952, 0.0826852
102991329, -0.0708601, 0.0545148, -0.0520398, -0.0258989, 0.118668, 0.0843151
91596088, -0.0684589, 0.0570432, -0.0447264, -0.0280981, 0.112091, 0.087368
105692653, -0.0681794, 0.0535249, -0.040094, -0.0372833, 0.110213, 0.0771741
96387449, -0.074794, 0.0492031, -0.0416232, -0.0404031, 0.109204, 0.0758533
92728363, -0.0845327, 0.0400046, -0.0413244, -0.0293322, 0.106787, 0.0825536
106089605, -0.0882427, 0.0369569, -0.0350494, -0.022202, 0.105874, 0.0743439
91077535, -0.0908764, 0.0306974, -0.0339864, -0.0331238, 0.11194, 0.0655822
95587924, -0.0911545, 0.0236643, -0.0337649, -0.042526, 0.104587, 0.0671233
103696882, -0.0900002, 0.0216892, -0.036516, -0.0272986, 0.0850838, 0.0581759
92018057, -0.0890751, 0.0234979, -0.0352698, -0.0146099, 0.08024, 0.0484968
91329873, -0.0868001, 0.0262074, -0.0298981, -0.00530392, 0.0758203, 0.043865
103638689, -0.0769743, 0.0267476, -0.0194287, -0.00910246, 0.0601666, 0.0315273
95294550, -0.0648043, 0.0239617, -0.0116044, -0.0175652, 0.0390312, 0.0316308
102421389, -0.0473521, 0.0210571, 0.00298227, -0.0279136, 0.00157364, 0.0107403
106245626, -0.0407076, 0.021578, 0.0118381, -0.02178, -0.00215281, 0.00533687
103917755, -0.0456843, 0.0314307, 0.0152192, -0.00258504, 0.0113228, 0.0294298
104815023, -0.0530211, 0.0390679, 0.0166852, 0.00430349, 0.0189071, 0.0395002
104794394, -0.0550205, 0.0433898, 0.017074, 0.00623833, 0.0180736, 0.0317672
105125752, -0.0554874, 0.0436104, 0.0171507, 0.00509117, 0.0179992, 0.0312611
105228864, -0.0551777, 0.0431528, 0.0170287, 0.00465701, 0.0171548, 0.0313068
102357575, -0.0540862, 0.0437458, 0.0172505, 0.00654593, 0.0156617, 0.0312097
104872083, -0.0532944, 0.044665, 0.0174068, 0.00697713, 0.014696, 0.0310174
91476679, -0.0528675, 0.0448729, 0.0173264, 0.00643429, 0.0147812, 0.0308691
105397108, -0.0526622, 0.04472, 0.0171831, 0.00633574, 0.0146925, 0.0308218
91297671, -0.0524863, 0.0449443, 0.0172908, 0.00675061, 0.0148035, 0.0305352
103959337, -0.0524275, 0.0450757, 0.0173344, 0.00663319, 0.0147437, 0.0303652
97759319, -0.0523582, 0.0451394, 0.0172731, 0.00641418, 0.0146543, 0.0303651
105861030, -0.0523286, 0.0452415, 0.0173861, 0.00677833, 0.0152002, 0.0297898
91542311, -0.0523752, 0.0453146, 0.0172762, 0.00667429, 0.0146378, 0.0298722
105557382, -0.052192, 0.0455152, 0.0174475, 0.00647996, 0.0145087, 0.0291918
103611970, -0.0519796, 0.0456553, 0.0174514, 0.00656188, 0.0144739, 0.0288343
91700187, -0.0519506, 0.0457492, 0.0173554, 0.00658568, 0.0146067, 0.0286255
104234297, -0.0520321, 0.0457003, 0.0171821, 0.0064592, 0.0140443, 0.0285616
104137001, -0.0518082, 0.0458656, 0.0173456, 0.00650142, 0.0141306, 0.0283182
103947330, -0.0518708, 0.0458179, 0.0172614, 0.0065032, 0.014285, 0.0282599
107109792, -0.0518947, 0.0457973, 0.0172213, 0.00639956, 0.0140737, 0.0281885
91985336, -0.0518462, 0.0457698, 0.0171433, 0.00640462, 0.0138127, 0.0280655
106259420, -0.0518699, 0.045735, 0.0170818, 0.00643064, 0.0139787, 0.0280277
103633167, -0.0518723, 0.045747, 0.0170648, 0.00644358, 0.0139214, 0.0279438
97643541, -0.0518181, 0.045803, 0.0170485, 0.00642188, 0.0138306, 0.027754
91433915, -0.0517486, 0.045819, 0.0170962, 0.00643875, 0.0136163, 0.0278626
