-0.00119272, -0.00708962, 0.0179462, 0.00205078, 0.0100912, 0.00451126
-0.00124446, -0.00714617, 0.0179372, 0.00220948, 0.0106113, 0.00485894
-0.00131436, -0.00760838, 0.0194075, 0.00256012, 0.0123986, 0.00558886
-0.00130219, -0.00759784, 0.0190642, 0.00229159, 0.0110645, 0.00496692
-0.00135428, -0.00768876, 0.0191223, 0.00238495, 0.0115151, 0.00529607
-0.00143284, -0.00801613, 0.0198654, 0.00258543, 0.0125344, 0.00581781
-0.00137235, -0.00748914, 0.0180535, 0.00200564, 0.00997257, 0.00445189
-0.00137351, -0.0072863, 0.0176422, 0.00197433, 0.00981317, 0.00431655
-0.0014531, -0.007624, 0.0185959, 0.0024231, 0.0116102, 0.00533489
-0.00142769, -0.00754511, 0.018306, 0.00218157, 0.0105665, 0.00479756
-0.00164368, -0.00888137, 0.0216418, 0.00287341, 0.0140451, 0.00671935
-0.00159774, -0.00889523, 0.021603, 0.00265577, 0.0128788, 0.00583732
-0.00192719, -0.00948556, 0.0230023, 0.00298083, 0.0145402, 0.00702063
-0.00175797, -0.00867142, 0.0202609, 0.00233178, 0.0111794, 0.00510237
-0.00171674, -0.00856769, 0.0201533, 0.00238436, 0.011541, 0.00518258
-0.00174449, -0.00870027, 0.0209073, 0.00267919, 0.0130235, 0.00588767
-0.00176802, -0.00894562, 0.0214826, 0.00279418, 0.013567, 0.00630535
-0.00160414, -0.00774439, 0.0184932, 0.00207899, 0.0100529, 0.00433641
-0.0016821, -0.00787442, 0.0190054, 0.00237328, 0.011743, 0.00536835
-0.00161543, -0.00767054, 0.018403, 0.00218052, 0.0104276, 0.00465939
-0.00172176, -0.00825621, 0.0201427, 0.00259911, 0.0128602, 0.00598353
-0.0016486, -0.00807733, 0.0194292, 0.00227883, 0.0110967, 0.00503236
-0.00177369, -0.0087374, 0.0214428, 0.00281675, 0.0137001, 0.00638927
-0.00168089, -0.00843304, 0.0202315, 0.00234585, 0.0114426, 0.00518864
-0.00171633, -0.00850853, 0.0204553, 0.00257299, 0.0124535, 0.00574085
-0.0016253, -0.00805419, 0.0189278, 0.00215315, 0.0104504, 0.00473546
-0.00188492, -0.0091784, 0.0220653, 0.00289533, 0.0141505, 0.00679818
-0.00171562, -0.00880551, 0.0210836, 0.00246151, 0.0120185, 0.00537303
-0.00165135, -0.00810222, 0.0187637, 0.00205091, 0.0100616, 0.00455067
-0.00163809, -0.0079225, 0.0183761, 0.0020361, 0.0100498, 0.00454422
-0.00188063, -0.00894875, 0.0221103, 0.00290426, 0.0141571, 0.00658046
-0.00179354, -0.0088744, 0.021648, 0.00256116, 0.0125584, 0.00568356
-0.00185238, -0.00916822, 0.0223921, 0.00281828, 0.0139968, 0.00647202
-0.00186661, -0.00926847, 0.0224175, 0.00275139, 0.0134722, 0.00648238
-0.00182307, -0.00925393, 0.0222854, 0.00272492, 0.0130848, 0.0060072
-0.00200712, -0.00968352, 0.0236201, 0.00306204, 0.0148781, 0.00698559
-0.00184595, -0.00935061, 0.022435, 0.00260897, 0.0127839, 0.00574538
-0.00175177, -0.00856371, 0.0200699, 0.00222334, 0.0108391, 0.00480323
-0.00171424, -0.00830492, 0.0193687, 0.00215326, 0.0105525, 0.00471017
-0.00171949, -0.00821167, 0.0194221, 0.00242218, 0.0116104, 0.00517654
-0.00165842, -0.00780388, 0.0182494, 0.00203582, 0.0100409, 0.00449157
-0.0016079, -0.00726683, 0.0171102, 0.00187752, 0.00915078, 0.00397327
-0.00162025, -0.00713213, 0.0169461, 0.00195912, 0.00978277, 0.00435097
-0.00168819, -0.00779568, 0.019267, 0.00257209, 0.0123648, 0.00563648
-0.00168811, -0.00806097, 0.0198762, 0.00258596, 0.0126526, 0.00584823
-0.00161492, -0.00786259, 0.0192277, 0.0022512, 0.010989, 0.00490095
-0.00165381, -0.0081539, 0.0198147, 0.00246443, 0.0123192, 0.00571575
-0.00159367, -0.00808306, 0.019463, 0.00225287, 0.0112115, 0.00510277
-0.00159304, -0.0080879, 0.0194648, 0.00233389, 0.0115874, 0.00528505
-0.00154251, -0.00774694, 0.0184118, 0.00205138, 0.0101793, 0.00458959
-0.00150777, -0.00759664, 0.0183204, 0.00209501, 0.0104079, 0.0044909
-0.00159525, -0.00816343, 0.0199066, 0.00258566, 0.0126362, 0.00580746
-0.00152631, -0.00796017, 0.0192145, 0.00222414, 0.0109511, 0.00490114
-0.00151111, -0.00790086, 0.0191174, 0.00222417, 0.0110189, 0.00487674
-0.00148703, -0.00767749, 0.0182678, 0.00202128, 0.0100528, 0.00455083
-0.00155143, -0.00802403, 0.0194022, 0.00240115, 0.012176, 0.00559542
-0.00148403, -0.00791535, 0.0192303, 0.00225194, 0.0112383, 0.00492487
-0.00149889, -0.00791268, 0.0191905, 0.00222624, 0.0112619, 0.00513771
-0.00162772, -0.00890974, 0.021987, 0.00277661, 0.0141911, 0.00661734
-0.00150925, -0.00820217, 0.0195413, 0.00212624, 0.0107676, 0.00483468
-0.00154215, -0.00823651, 0.0197095, 0.00239949, 0.0119291, 0.00543402
-0.00149213, -0.00783724, 0.0184988, 0.00203692, 0.0102347, 0.00462189
-0.00164042, -0.00886207, 0.0211486, 0.0026962, 0.013589, 0.00648718
-0.00168085, -0.00940575, 0.0223948, 0.00283377, 0.0144484, 0.00692809
-0.00162417, -0.00935012, 0.0220689, 0.00259966, 0.0129801, 0.0060131
-0.00180048, -0.00981024, 0.02292, 0.00279135, 0.0144463, 0.00703059
-0.00160211, -0.00789306, 0.0178545, 0.00181439, 0.00949573, 0.00427609
-0.00160274, -0.00780467, 0.0178889, 0.00205388, 0.0107095, 0.00482898
-0.00173911, -0.00900393, 0.021466, 0.00273228, 0.0140223, 0.00665371
-0.00160936, -0.0083686, 0.0194519, 0.00212692, 0.010831, 0.00493203
-0.00174957, -0.0091111, 0.0215712, 0.00262928, 0.0138216, 0.00657832
-0.0015116, -0.00710091, 0.0163969, 0.00165378, 0.00857321, 0.00373555
-0.00165703, -0.00835996, 0.0204404, 0.00260169, 0.0133286, 0.00615914
-0.00154298, -0.00779733, 0.0188129, 0.00202266, 0.0105105, 0.00461524
-0.0015576, -0.00780645, 0.01893, 0.002213, 0.0114691, 0.00510854
-0.00163553, -0.00829213, 0.0200111, 0.00244312, 0.0128096, 0.00601926
-0.00175557, -0.00937785, 0.0227094, 0.0028794, 0.0149325, 0.00712166
-0.00168634, -0.00944985, 0.022619, 0.00263763, 0.013539, 0.00624964
-0.00157638, -0.00813479, 0.018536, 0.00188182, 0.00991585, 0.00453201
-0.00174428, -0.00941304, 0.0221704, 0.00276819, 0.0143515, 0.0068943
-0.00167058, -0.00924186, 0.0214745, 0.00244059, 0.0124035, 0.00580865
-0.00170004, -0.00933491, 0.021852, 0.00259149, 0.0135215, 0.0062879
-0.00165595, -0.00923633, 0.0216864, 0.00245419, 0.0127958, 0.00582342
-0.00169374, -0.00936636, 0.0221567, 0.00262794, 0.0138176, 0.00638576
-0.00158416, -0.00849051, 0.0196873, 0.00205459, 0.0108669, 0.00489
-0.00165317, -0.00878026, 0.0205154, 0.00251659, 0.0128396, 0.00603847
-0.00155652, -0.00837832, 0.0197404, 0.00212835, 0.0112703, 0.00499149
-0.00158613, -0.00834216, 0.0197375, 0.0022957, 0.0117913, 0.00535766
-0.00153688, -0.00812984, 0.0192066, 0.00208369, 0.0109161, 0.00485317
-0.00158574, -0.00831739, 0.0197385, 0.00236376, 0.0122468, 0.0056747
-0.0016442, -0.00882813, 0.0211352, 0.00259267, 0.0136354, 0.00640947
-0.00160042, -0.00883904, 0.0211284, 0.00240388, 0.0127026, 0.00579315
-0.00164046, -0.00900315, 0.0213499, 0.00254316, 0.0132435, 0.00625065
-0.00152873, -0.00787569, 0.0185265, 0.00184944, 0.0101065, 0.00443917
-0.00156194, -0.00793465, 0.0189259, 0.00226836, 0.0116645, 0.00526844
-0.00152808, -0.00778203, 0.018558, 0.00203878, 0.0106901, 0.00477334
-0.00157019, -0.00797739, 0.0192398, 0.00229727, 0.0120782, 0.00548889
-0.00158304, -0.0082228, 0.0199484, 0.0024293, 0.0127633, 0.00582362
-0.00157574, -0.00833394, 0.020453, 0.00254025, 0.0131174, 0.00586823
-0.001581, -0.00840024, 0.0204835, 0.00235135, 0.0123388, 0.0057008
-0.00149388, -0.00811367, 0.0197305, 0.00214178, 0.0112147, 0.00488916
-0.00155766, -0.00837292, 0.0203709, 0.00242914, 0.0127282, 0.00581345
-0.00158813, -0.00851635, 0.0206511, 0.00244332, 0.0129415, 0.00598939
-0.0016351, -0.00899639, 0.0218213, 0.00266468, 0.0141031, 0.00659125
-0.00157388, -0.00895748, 0.0216906, 0.00246641, 0.0129164, 0.00575647
-0.00160672, -0.0091396, 0.0221886, 0.00263904, 0.0138843, 0.00629655
-0.00153689, -0.00886859, 0.0209721, 0.00222937, 0.0119046, 0.0053856
-0.00176683, -0.00984747, 0.0231978, 0.00271668, 0.014861, 0.00717701
-0.00163317, -0.00914168, 0.0212005, 0.00222926, 0.0118896, 0.00537457
-0.00158886, -0.00858792, 0.0199456, 0.00199491, 0.010968, 0.00484134
-0.0017595, -0.00895769, 0.0212932, 0.00249532, 0.0133534, 0.00624131
-0.00164854, -0.00859183, 0.0202978, 0.00212981, 0.0115314, 0.00513218
-0.00166174, -0.00862287, 0.020439, 0.00232552, 0.0124495, 0.00565896
-0.00179713, -0.00954141, 0.0224818, 0.00273643, 0.0145268, 0.00699274
-0.00171169, -0.00952978, 0.0224671, 0.00253129, 0.0135064, 0.00614005
-0.0016842, -0.00945025, 0.0222645, 0.0024556, 0.0130538, 0.00592431
-0.00168666, -0.00944998, 0.0222784, 0.00253083, 0.0134002, 0.0061208
-0.00159315, -0.00877506, 0.020611, 0.00215703, 0.0114146, 0.00501494
-0.0015402, -0.00826524, 0.0194469, 0.00194654, 0.0105644, 0.00457027
-0.00174854, -0.00955947, 0.0229574, 0.00272619, 0.0147869, 0.00698821
-0.00162148, -0.00903936, 0.0218543, 0.00229998, 0.0124662, 0.00575288
-0.00164104, -0.00910671, 0.0220385, 0.00255604, 0.0132162, 0.00641488
-0.00146339, -0.00803495, 0.0197161, 0.00215277, 0.0103184, 0.00472303
-0.00147773, -0.00783567, 0.0200631, 0.00274066, 0.0117035, 0.00563106
-0.00135816, -0.00731434, 0.0197649, 0.00407847, 0.0105404, 0.00704607
-0.00153206, -0.00744736, 0.0210847, 0.00468827, 0.0127406, 0.00877298
-0.00126349, -0.00615634, 0.0198722, 0.00438068, 0.0109539, 0.00742144
-0.00123379, -0.00351328, 0.0134141, 0.0032234, 0.00701533, 0.00612635
-0.00120923, -0.00245301, 0.0113652, 0.00401265, 0.00563044, 0.00563573
-0.00117758, -0.00224337, 0.0113231, 0.00466817, 0.00622632, 0.00533994
-0.000921037, -0.00194073, 0.0113426, 0.00534872, 0.0051619, 0.00425694
-0.000704984, -0.00178877, 0.0115257, 0.00534059, 0.00551073, 0.0030638
-0.000620867, -0.0016862, 0.0118188, 0.00470447, 0.00613612, 0.00270422
-0.000623473, -0.00157925, 0.0116073, 0.00416667, 0.00583253, 0.0031144
-0.000758359, -0.00201636, 0.0125945, 0.00385395, 0.0080003, 0.00423436
-0.00100089, -0.00224194, 0.0123136, 0.00272368, 0.00745148, 0.00429536
-0.00100344, -0.0028584, 0.0122432, 0.0020551, 0.00742183, 0.00335765
-0.001363, -0.00777126, 0.0188246, 0.00225971, 0.0124185, 0.00570649
-0.00122874, -0.00797517, 0.0186117, 1.71455e-05, 0.0101898, 0.0033652
-0.00122716, -0.0093854, 0.0195726, -0.000396793, 0.011597, 0.00449749
-0.00123778, -0.0108287, 0.0200245, -0.00103492, 0.0119655, 0.0048952
-0.00122788, -0.0125754, 0.021293, -0.00198173, 0.0130545, 0.00483444
-0.00101622, -0.0125165, 0.0191529, -0.00270853, 0.00985959, 0.00205601
-0.00111651, -0.0136646, 0.0204681, -0.00301392, 0.0126309, 0.00250884
-0.00106465, -0.0137562, 0.0195231, -0.00336183, 0.0112581, 0.000616954
-0.00174164, -0.0161112, 0.0227492, -0.00312251, 0.0157249, 0.00173359
-0.00220798, -0.016496, 0.0228397, -0.0034013, 0.0164465, 0.00204128
-0.00243664, -0.0161739, 0.0204164, -0.00410523, 0.014322, 0.000273546
-0.0028785, -0.0162981, 0.0203586, -0.00419412, 0.0158259, 0.000805255
-0.00353957, -0.0170945, 0.0207095, -0.00432992, 0.0172212, 0.00118245
-0.00457678, -0.0189043, 0.021334, -0.00454976, 0.0190131, -0.00087028
-0.00469195, -0.0194638, 0.0212453, -0.00530174, 0.0189342, -0.00329746
-0.00456108, -0.0184656, 0.0143274, -0.00751925, 0.0147874, -0.0110418
-0.00579238, -0.0199813, 0.0140777, -0.00901474, 0.0171749, -0.0140435
-0.00690449, -0.0222369, 0.0131797, -0.00996252, 0.0181015, -0.0189619
-0.00681961, -0.0197047, -0.00379258, -0.0113911, 0.00887391, -0.0293254
-0.00733451, -0.0196807, -0.00655881, -0.0109685, 0.00881167, -0.0315773
-0.00800678, -0.0196258, -0.0152098, -0.0100715, 0.0052033, -0.0379215
-0.0110744, -0.0227888, -0.0153221, -0.00929642, 0.00866658, -0.0376206
-0.0126635, -0.0235119, -0.0214672, -0.00683387, 0.00711158, -0.0362312
-0.0148118, -0.0255453, -0.0254893, -0.00315875, 0.00778427, -0.0355532
-0.0168263, -0.0282478, -0.0255388, -0.0010945, 0.0107835, -0.0335413
-0.019716, -0.0307717, -0.0262487, 0.00357458, 0.0135947, -0.0317844
-0.0213159, -0.0321049, -0.0279525, 0.00541787, 0.014519, -0.0316774
-0.0234073, -0.0323849, -0.0353789, 0.00902099, 0.0148403, -0.0334582
-0.0255999, -0.0326616, -0.0425757, 0.0125066, 0.016697, -0.036922
-0.0276093, -0.0330947, -0.0465439, 0.0138359, 0.0179721, -0.0385532
-0.0304855, -0.0335676, -0.0522623, 0.0160794, 0.022121, -0.0422763
-0.0337147, -0.0341285, -0.0607953, 0.0167499, 0.0260583, -0.0451533
-0.0356603, -0.0348797, -0.0656157, 0.0166274, 0.0282491, -0.0455913
-0.0391038, -0.0359396, -0.0736007, 0.0167739, 0.0331041, -0.0461419
-0.0412126, -0.0369991, -0.0782267, 0.0163158, 0.0355482, -0.046213
-0.0445324, -0.0380579, -0.087041, 0.0151114, 0.0403946, -0.0465788
-0.047025, -0.0392974, -0.0914746, 0.0141809, 0.0430589, -0.0466612
-0.0507051, -0.0414678, -0.10043, 0.0116213, 0.0478361, -0.0474449
-0.0528347, -0.0427056, -0.105424, 0.010183, 0.0500627, -0.0480006
-0.0568183, -0.045339, -0.115643, 0.00722786, 0.053516, -0.0500657
-0.0594984, -0.0471719, -0.119653, 0.0058114, 0.0560158, -0.0514018
-0.0636276, -0.0500779, -0.128893, 0.00204366, 0.0600662, -0.0542301
-0.0676193, -0.0529332, -0.138231, -0.00179731, 0.0644925, -0.0557033
-0.0697336, -0.0541292, -0.142957, -0.00315858, 0.0668954, -0.0564335
-0.0737705, -0.0564114, -0.152077, -0.00637397, 0.0716277, -0.0572042
-0.0761836, -0.0578176, -0.157409, -0.00762514, 0.0738447, -0.0575735
-0.0808294, -0.059888, -0.167202, -0.0102434, 0.0780838, -0.0596395
-0.0834432, -0.0611699, -0.172424, -0.0119212, 0.0804368, -0.061033
-0.087645, -0.06232, -0.181779, -0.0145409, 0.0850867, -0.0652187
-0.0931833, -0.0649274, -0.19179, -0.0180682, 0.089592, -0.0692527
-0.0962863, -0.06574, -0.19675, -0.0197271, 0.0919395, -0.0714646
-0.101623, -0.0680479, -0.204324, -0.0237451, 0.0974077, -0.0741276
-0.105006, -0.0696408, -0.208293, -0.025769, 0.100175, -0.0741049
-0.110411, -0.071316, -0.215087, -0.0297337, 0.105734, -0.0734035
-0.113833, -0.0723135, -0.217973, -0.0315136, 0.108816, -0.0715974
-0.119231, -0.0740203, -0.224318, -0.034387, 0.113871, -0.0671536
-0.122149, -0.0749959, -0.226538, -0.035955, 0.116984, -0.0639383
-0.127701, -0.076796, -0.231341, -0.0379138, 0.121666, -0.0552817
-0.13027, -0.0773923, -0.233819, -0.0389307, 0.123766, -0.0515902
-0.133948, -0.0781245, -0.236273, -0.040466, 0.128364, -0.0429126
-0.137867, -0.0794122, -0.239193, -0.0408711, 0.131384, -0.0347087
-0.139662, -0.0798903, -0.2407, -0.0407966, 0.132507, -0.03158
-0.142157, -0.0810529, -0.241663, -0.040381, 0.134555, -0.0272578
-0.143302, -0.0814948, -0.243235, -0.0403091, 0.134452, -0.0265609
-0.143741, -0.0817699, -0.243483, -0.0400781, 0.135114, -0.0271533
-0.144619, -0.0820382, -0.243983, -0.0400695, 0.135204, -0.027526
-0.145331, -0.0822764, -0.244472, -0.0401298, 0.13512, -0.0283174
-0.146108, -0.0826431, -0.245234, -0.0401823, 0.134568, -0.0290223
-0.146395, -0.0827834, -0.245448, -0.0399502, 0.134267, -0.0300005
-0.146537, -0.0829005, -0.245633, -0.0395552, 0.133909, -0.0306834
-0.146672, -0.0829484, -0.245733, -0.038903, 0.133494, -0.0309754
-0.146946, -0.0832144, -0.244875, -0.0375205, 0.132717, -0.0293713
-0.147124, -0.0832416, -0.244227, -0.0364324, 0.131895, -0.0283177
-0.146969, -0.0831844, -0.243455, -0.0349568, 0.130897, -0.0271106
-0.146856, -0.0831669, -0.243025, -0.0336084, 0.129296, -0.0259256
-0.146144, -0.0830681, -0.242726, -0.0311867, 0.125116, -0.0244714
-0.146077, -0.0831279, -0.242491, -0.0299827, 0.122943, -0.023579
-0.144699, -0.0829746, -0.242118, -0.0280802, 0.118703, -0.0243927
-0.144248, -0.0830568, -0.241838, -0.0272606, 0.116616, -0.0240166
-0.142931, -0.0830799, -0.241483, -0.026204, 0.112622, -0.0240704
-0.142455, -0.0832527, -0.241054, -0.0256718, 0.110917, -0.0235684
-0.141555, -0.0835453, -0.240805, -0.0249503, 0.107569, -0.0223271
-0.140505, -0.0836811, -0.240379, -0.0242565, 0.105045, -0.0213922
-0.13981, -0.083798, -0.24021, -0.0240722, 0.103739, -0.0211503
-0.138856, -0.0841074, -0.240086, -0.0239476, 0.101495, -0.0210915
-0.138347, -0.0843817, -0.240034, -0.0241472, 0.100705, -0.021329
-0.137446, -0.0845831, -0.24016, -0.0245632, 0.0997073, -0.0214796
-0.136963, -0.0848526, -0.240269, -0.0246492, 0.0994582, -0.0214783
-0.136547, -0.085131, -0.240437, -0.0251231, 0.0996793, -0.0212724
-0.136079, -0.0852551, -0.240554, -0.0253571, 0.100465, -0.0213002
-0.135756, -0.0853731, -0.240703, -0.0254351, 0.100856, -0.0212492
-0.135463, -0.0854916, -0.240871, -0.0250148, 0.101539, -0.0212767
-0.135262, -0.0856832, -0.241116, -0.0247135, 0.101585, -0.0215209
-0.135038, -0.0860167, -0.241668, -0.0243541, 0.101398, -0.0222213
-0.13492, -0.086153, -0.241901, -0.0242591, 0.101315, -0.0225297
-0.134391, -0.0861547, -0.242005, -0.0236686, 0.101233, -0.0222885
-0.133994, -0.0859877, -0.242141, -0.0232378, 0.100821, -0.021882
-0.133585, -0.0856301, -0.242354, -0.0222263, 0.100027, -0.018609
-0.133407, -0.0853164, -0.242645, -0.0211668, 0.0993054, -0.015376
-0.13317, -0.0848882, -0.243024, -0.0197868, 0.0985222, -0.0119757
-0.132486, -0.0837004, -0.243802, -0.0168303, 0.097024, -0.00271665
-0.13125, -0.0827085, -0.244007, -0.0148148, 0.0965407, 0.00251188
-0.130823, -0.081926, -0.246593, -0.00978207, 0.093035, 0.0158765
-0.130455, -0.081705, -0.249975, -0.0071025, 0.089583, 0.0201502
-0.129619, -0.081184, -0.254527, -0.00419188, 0.0841004, 0.0209471
-0.12876, -0.0805104, -0.255169, -0.0039528, 0.0829568, 0.0208854
-0.127858, -0.0800754, -0.255685, -0.00213977, 0.0795525, 0.0279198
-0.126903, -0.0794728, -0.257349, -0.000341169, 0.0759833, 0.0301246
-0.124764, -0.0790132, -0.26402, 0.000928248, 0.0664034, 0.0279457
-0.120134, -0.0788284, -0.269185, -0.00331556, 0.0581428, 0.0171867
-0.119382, -0.0793784, -0.271565, -0.00781623, 0.0544717, 0.0131228
-0.114827, -0.0805435, -0.273001, -0.0176192, 0.0483803, 0.00446151
-0.112848, -0.0827258, -0.274148, -0.0235665, 0.0448413, 0.00289628
-0.108503, -0.0864472, -0.277439, -0.0353862, 0.0367152, 0.000649746
-0.105216, -0.0878074, -0.280283, -0.0414139, 0.0321401, -0.000280201
-0.0998752, -0.0911216, -0.286473, -0.0540882, 0.023941, -0.0037826
-0.0969562, -0.0933315, -0.289569, -0.0604743, 0.0200754, -0.00547492
-0.0919699, -0.096288, -0.295986, -0.0722432, 0.0122994, -0.0119069
-0.0891979, -0.097947, -0.298841, -0.0779748, 0.00895428, -0.0168149
-0.0850283, -0.101256, -0.304699, -0.0894404, 0.00285082, -0.0255359
-0.0812663, -0.10369, -0.310603, -0.0992128, -0.00244851, -0.0345418
-0.0795294, -0.105196, -0.313091, -0.104168, -0.00412718, -0.0382744
-0.0770583, -0.10703, -0.317713, -0.112997, -0.00686492, -0.0432894
-0.0757755, -0.10791, -0.320665, -0.116644, -0.00786243, -0.044893
-0.0744675, -0.108451, -0.324496, -0.123346, -0.00745942, -0.0461361
-0.0732371, -0.108768, -0.330061, -0.12777, -0.00606705, -0.0437992
-0.0727784, -0.108885, -0.331488, -0.129729, -0.00337783, -0.0420285
-0.072495, -0.108781, -0.334236, -0.131252, -0.00159011, -0.0395426
-0.0723487, -0.108549, -0.337617, -0.131994, 0.000490421, -0.0368521
-0.0722763, -0.107925, -0.344923, -0.132327, 0.00518223, -0.033989
-0.0721845, -0.106984, -0.348056, -0.132257, 0.0087211, -0.0332286
-0.0725541, -0.10625, -0.355994, -0.131399, 0.0148742, -0.0321364
-0.0728234, -0.10541, -0.359898, -0.131159, 0.018759, -0.0331484
-0.0735192, -0.105002, -0.363164, -0.130808, 0.0229688, -0.0336428
-0.0748446, -0.104092, -0.370452, -0.129119, 0.0311604, -0.037129
-0.0758581, -0.103772, -0.37431, -0.128573, 0.0355775, -0.0392497
-0.0777336, -0.102441, -0.38041, -0.127761, 0.044695, -0.0455576
-0.0788028, -0.101276, -0.383701, -0.127983, 0.0493638, -0.0482041
-0.0809239, -0.0998047, -0.386443, -0.127789, 0.0603303, -0.0477138
-0.0820548, -0.0987584, -0.388275, -0.127408, 0.065429, -0.0450261
-0.0835014, -0.0980771, -0.390293, -0.126056, 0.0698736, -0.0405082
-0.0855571, -0.0975892, -0.398112, -0.121582, 0.0747184, -0.0343729
-0.0862859, -0.0964943, -0.401281, -0.120426, 0.0775823, -0.0338775
-0.0877982, -0.0957207, -0.407511, -0.118934, 0.081862, -0.0330749
-0.0888512, -0.0955163, -0.410296, -0.118855, 0.0839749, -0.0336432
-0.0902314, -0.0953498, -0.414453, -0.11991, 0.0878766, -0.0342633
-0.0908934, -0.095213, -0.41727, -0.120032, 0.0888274, -0.0347205
-0.0915201, -0.0948738, -0.42095, -0.12137, 0.0908623, -0.0379948
-0.0921049, -0.094733, -0.422215, -0.122394, 0.092393, -0.0382234
-0.0924277, -0.0944811, -0.424727, -0.123608, 0.0947566, -0.0364265
-0.0927101, -0.0943697, -0.427377, -0.124026, 0.0948538, -0.0352094
-0.0926517, -0.0942109, -0.431955, -0.124411, 0.0944604, -0.0379269
-0.0925361, -0.0940097, -0.433523, -0.126232, 0.0958654, -0.0412895
-0.0925845, -0.0937364, -0.434838, -0.126398, 0.0957739, -0.0417534
-0.0923521, -0.093407, -0.438068, -0.126149, 0.0943307, -0.0426875
-0.0921531, -0.0931472, -0.440002, -0.125978, 0.0933898, -0.0428652
-0.0915772, -0.0930248, -0.443375, -0.125331, 0.0912563, -0.0426186
-0.0908158, -0.092903, -0.447684, -0.124601, 0.0885824, -0.0418775
-0.0901871, -0.0928481, -0.450118, -0.124277, 0.0872594, -0.0420086
-0.0894421, -0.092813, -0.453736, -0.124078, 0.085524, -0.0411843
-0.0888443, -0.0927862, -0.455743, -0.123887, 0.0848468, -0.0404199
-0.0877108, -0.0927999, -0.459185, -0.12383, 0.0838374, -0.0389454
-0.0870244, -0.0928243, -0.461982, -0.123902, 0.0829597, -0.0387115
-0.0862734, -0.0933229, -0.466195, -0.124871, 0.0818285, -0.0396354
-0.0853248, -0.0934686, -0.470621, -0.126986, 0.0814449, -0.0416222
-0.0849436, -0.0936562, -0.473064, -0.128072, 0.0816026, -0.0419166
-0.0843044, -0.0937751, -0.476758, -0.130235, 0.0829244, -0.0422541
-0.0839621, -0.0939556, -0.478786, -0.131467, 0.0837909, -0.0421446
-0.0836994, -0.0941971, -0.48378, -0.133475, 0.0845344, -0.0433383
-0.0834722, -0.0943136, -0.486371, -0.134788, 0.0852364, -0.0445356
-0.0832958, -0.0944084, -0.489757, -0.136598, 0.0873849, -0.0447014
-0.083205, -0.0944284, -0.491576, -0.136849, 0.0883577, -0.0444988
-0.0831822, -0.0937907, -0.495653, -0.136991, 0.0895572, -0.0436875
-0.0832565, -0.0934346, -0.496951, -0.136096, 0.0908942, -0.0419742
-0.0834913, -0.0922814, -0.502086, -0.133337, 0.0910025, -0.0405496
-0.083582, -0.0914705, -0.504773, -0.132078, 0.0914071, -0.0406778
-0.083954, -0.0902968, -0.509486, -0.129619, 0.0919687, -0.0413616
-0.0842018, -0.0892208, -0.511734, -0.128228, 0.0925488, -0.0422401
-0.084535, -0.0878482, -0.51641, -0.125439, 0.0932608, -0.0442454
-0.0849564, -0.0873252, -0.518591, -0.124059, 0.0938803, -0.0451872
-0.0854872, -0.0864522, -0.524027, -0.121903, 0.0941151, -0.0478958
-0.0861444, -0.0859038, -0.526093, -0.121194, 0.0949224, -0.0491488
-0.0868999, -0.0848824, -0.529901, -0.119835, 0.0963022, -0.0511149
-0.0874209, -0.0843823, -0.532148, -0.119497, 0.0970723, -0.0518766
-0.0888921, -0.0841436, -0.534846, -0.119677, 0.0993322, -0.0520633
-0.0895837, -0.0839216, -0.536298, -0.119961, 0.100501, -0.0520843
-0.0911515, -0.0837638, -0.538127, -0.12081, 0.102996, -0.0508893
-0.09264, -0.0837264, -0.539226, -0.122278, 0.105712, -0.0480436
-0.0938493, -0.0839368, -0.539523, -0.122531, 0.107375, -0.0453489
-0.0952053, -0.0843073, -0.539759, -0.123588, 0.11002, -0.0404676
-0.0961502, -0.0846394, -0.539635, -0.124522, 0.111726, -0.0367296
-0.0969254, -0.084829, -0.539491, -0.125105, 0.113468, -0.0289024
-0.0974877, -0.0850364, -0.539172, -0.124988, 0.114262, -0.0247249
-0.0981153, -0.085884, -0.539289, -0.124374, 0.113018, -0.0179029
-0.0982847, -0.0866807, -0.540775, -0.123881, 0.109884, -0.0175464
-0.0982348, -0.086896, -0.540877, -0.124351, 0.10954, -0.0188517
-0.098062, -0.0870441, -0.540756, -0.123964, 0.106807, -0.019104
-0.0979449, -0.0876, -0.540585, -0.123975, 0.105204, -0.0196963
-0.0968742, -0.0877201, -0.54053, -0.124042, 0.101431, -0.021897
-0.0960286, -0.0877497, -0.540608, -0.123959, 0.0988633, -0.0233709
-0.0944438, -0.0878228, -0.540295, -0.123707, 0.0951145, -0.0265283
-0.0932152, -0.0877287, -0.540263, -0.12388, 0.0927604, -0.0288662
-0.0914486, -0.0877376, -0.53939, -0.124522, 0.0897944, -0.0314367
-0.0900939, -0.087567, -0.538961, -0.124448, 0.0881535, -0.0321768
-0.0875596, -0.0872604, -0.538213, -0.123785, 0.0851222, -0.0326497
-0.0845285, -0.0867367, -0.537498, -0.122494, 0.0816595, -0.0334244
-0.0827454, -0.0866199, -0.537149, -0.122083, 0.0796931, -0.0342497
-0.079456, -0.0865251, -0.535962, -0.122566, 0.0759094, -0.0368878
-0.0769383, -0.0864856, -0.53585, -0.123444, 0.0723795, -0.039727
-0.0718975, -0.0865201, -0.535215, -0.126473, 0.0666007, -0.0470123
-0.0665908, -0.0874543, -0.535326, -0.130529, 0.0575386, -0.0563001
-0.0631876, -0.0880612, -0.534636, -0.133136, 0.0535661, -0.0625452
-0.0568888, -0.0898274, -0.534581, -0.138596, 0.0429136, -0.0766409
-0.0517234, -0.0901108, -0.532278, -0.141619, 0.0391133, -0.0847119
-0.043985, -0.0910081, -0.527555, -0.146428, 0.0304411, -0.0949088
-0.0392257, -0.0915585, -0.525789, -0.148268, 0.0248089, -0.099994
-0.0300317, -0.0921116, -0.523264, -0.150592, 0.0125592, -0.110689
-0.0202666, -0.0925632, -0.517935, -0.152586, 0.0020231, -0.116895
-0.0148735, -0.092714, -0.515803, -0.152324, -0.00390058, -0.118323
-0.00455441, -0.0928613, -0.511165, -0.151503, -0.0147308, -0.119339
0.000780338, -0.0928687, -0.507528, -0.150591, -0.0190352, -0.117441
0.012465, -0.0922054, -0.504593, -0.146162, -0.0300672, -0.112828
0.0242877, -0.0915925, -0.5022, -0.140597, -0.0414173, -0.110168
0.0310064, -0.0907096, -0.501477, -0.137061, -0.0477213, -0.111423
0.0433975, -0.0894775, -0.500334, -0.1301, -0.0597884, -0.117923
0.0564392, -0.0877797, -0.498585, -0.122925, -0.0705185, -0.129102
0.0631406, -0.0863082, -0.496001, -0.119735, -0.0740836, -0.134822
0.0757108, -0.084208, -0.493498, -0.112002, -0.0828161, -0.147522
0.0822996, -0.0829861, -0.491091, -0.1087, -0.0858451, -0.154588
0.0943263, -0.0809666, -0.486427, -0.102063, -0.0911948, -0.16717
0.10658, -0.0784231, -0.480848, -0.0954835, -0.0951486, -0.179091
0.11272, -0.0771805, -0.478175, -0.0921207, -0.0968306, -0.184926
0.122399, -0.075823, -0.470435, -0.0875233, -0.0962881, -0.191699
0.127138, -0.0749371, -0.465966, -0.0855113, -0.0951616, -0.191604
0.137125, -0.0727689, -0.460329, -0.0819649, -0.093263, -0.189417
0.146951, -0.070705, -0.454371, -0.0790638, -0.0891492, -0.183249
0.151126, -0.0703892, -0.452284, -0.0789104, -0.0871723, -0.178455
0.159347, -0.0692529, -0.448903, -0.0770685, -0.0823467, -0.170491
0.163628, -0.0685389, -0.447027, -0.0767331, -0.079514, -0.167299
0.171447, -0.0679516, -0.445385, -0.0762481, -0.0746822, -0.164179
0.178977, -0.0677837, -0.443368, -0.0772397, -0.0686601, -0.16404
0.182567, -0.0675726, -0.442615, -0.0777747, -0.0659334, -0.165191
0.188881, -0.0676525, -0.440459, -0.0799587, -0.0594172, -0.169496
0.194869, -0.0683484, -0.438404, -0.0820921, -0.0530143, -0.173741
0.197762, -0.0689228, -0.435485, -0.0844945, -0.0479219, -0.173891
0.203333, -0.0694016, -0.431572, -0.0870425, -0.0386161, -0.168654
0.205997, -0.0698965, -0.429786, -0.0875865, -0.0339378, -0.164022
0.211068, -0.0700945, -0.428428, -0.0868243, -0.0255659, -0.153963
0.216228, -0.0701744, -0.428084, -0.0844542, -0.0189427, -0.147233
0.218584, -0.0702978, -0.427988, -0.0835655, -0.0149259, -0.145546
0.221902, -0.0703386, -0.427686, -0.0820064, -0.00582581, -0.141765
0.225332, -0.0700468, -0.426845, -0.0796302, 0.00473697, -0.133523
0.226674, -0.0698006, -0.426695, -0.077341, 0.00870268, -0.130456
0.228341, -0.0690377, -0.426594, -0.0741679, 0.0188028, -0.127305
0.229254, -0.0682943, -0.4265, -0.0726952, 0.0245158, -0.125023
0.229612, -0.0680501, -0.426671, -0.0709417, 0.0292015, -0.121887
0.230219, -0.0674208, -0.426884, -0.0687089, 0.0337951, -0.121045
0.230859, -0.0665732, -0.426988, -0.0667161, 0.0439548, -0.120544
0.23121, -0.0663252, -0.427146, -0.0655971, 0.0485801, -0.119551
0.231584, -0.0661004, -0.428108, -0.0641568, 0.0518031, -0.120331
0.232041, -0.0658295, -0.428885, -0.0631464, 0.0551169, -0.122705
0.232603, -0.0656877, -0.430733, -0.0624629, 0.0607148, -0.128429
0.232962, -0.0656458, -0.432112, -0.0621452, 0.0623088, -0.132768
0.233467, -0.0656356, -0.432447, -0.0622489, 0.0645076, -0.137754
0.233828, -0.0656436, -0.432711, -0.062331, 0.0667388, -0.141972
0.23455, -0.0656831, -0.432018, -0.0632662, 0.0705361, -0.147892
0.234909, -0.0656653, -0.431058, -0.0633403, 0.0720536, -0.14824
0.235173, -0.065671, -0.430851, -0.0627182, 0.0719247, -0.147329
0.235483, -0.0657065, -0.430697, -0.0622238, 0.0715493, -0.146596
0.236314, -0.0657168, -0.430043, -0.0624758, 0.0720764, -0.143346
0.236517, -0.0658635, -0.429063, -0.0622832, 0.0721935, -0.140162
0.237067, -0.0659237, -0.428838, -0.0619473, 0.0707754, -0.137391
0.237731, -0.0660783, -0.428725, -0.061785, 0.069315, -0.134594
0.238204, -0.0662599, -0.428713, -0.0612417, 0.0671672, -0.132296
0.239128, -0.0666689, -0.430042, -0.0605933, 0.0613279, -0.131994
0.239884, -0.0668998, -0.430506, -0.0603614, 0.059058, -0.134394
0.240544, -0.0670914, -0.431007, -0.0609609, 0.0569445, -0.137434
0.241279, -0.0672324, -0.431204, -0.0616028, 0.0559992, -0.140498
0.241697, -0.0674252, -0.430814, -0.0626695, 0.0561206, -0.142505
0.242092, -0.0675442, -0.430285, -0.0634597, 0.0559818, -0.143568
0.242299, -0.0676804, -0.429926, -0.0639369, 0.0554527, -0.143939
0.242505, -0.0678977, -0.429757, -0.0641542, 0.0548067, -0.144247
0.242725, -0.0679803, -0.42857, -0.0653453, 0.0553809, -0.1454
0.24281, -0.0679706, -0.427738, -0.0658288, 0.056035, -0.144515
0.24282, -0.0679435, -0.427279, -0.0660109, 0.056522, -0.142964
0.242773, -0.0679466, -0.427019, -0.065787, 0.0568199, -0.141256
0.242722, -0.0679429, -0.42681, -0.0654693, 0.057034, -0.140165
0.242642, -0.0679816, -0.426649, -0.0651926, 0.0573429, -0.13941
0.242488, -0.0680084, -0.426549, -0.0648025, 0.0578497, -0.139141
0.242237, -0.068136, -0.426512, -0.0645415, 0.0582707, -0.138972
0.242024, -0.0682075, -0.426529, -0.0642316, 0.058653, -0.139233
0.241473, -0.0684521, -0.426969, -0.0636749, 0.0588573, -0.141222
0.241246, -0.0685378, -0.427266, -0.0632728, 0.0589179, -0.143293
0.240927, -0.0686197, -0.427357, -0.0629382, 0.0595142, -0.145187
0.240704, -0.0686422, -0.427398, -0.062672, 0.0599662, -0.147361
0.240375, -0.0686493, -0.427395, -0.0625535, 0.0605677, -0.14876
0.239917, -0.0686856, -0.427283, -0.062306, 0.0611969, -0.149376
0.239619, -0.0685211, -0.426712, -0.0614522, 0.0621207, -0.150269
0.239355, -0.0683132, -0.426082, -0.0609008, 0.0626493, -0.150058
0.239161, -0.0678879, -0.425315, -0.0603013, 0.063131, -0.149593
0.238789, -0.0677795, -0.424878, -0.0596089, 0.0628989, -0.14799
0.238504, -0.0672499, -0.424246, -0.0580912, 0.0622301, -0.145445
0.238155, -0.0671128, -0.423858, -0.0571809, 0.0616379, -0.143708
0.23798, -0.066833, -0.42354, -0.0561825, 0.0609897, -0.14242
0.237831, -0.0664729, -0.42331, -0.0551674, 0.0600142, -0.141618
0.237527, -0.066315, -0.423066, -0.0533748, 0.0577523, -0.140703
0.237434, -0.0661189, -0.423083, -0.0526382, 0.0563577, -0.14089
0.237307, -0.0659768, -0.423292, -0.0515938, 0.0548056, -0.14169
0.237189, -0.0658285, -0.423871, -0.0507474, 0.0531066, -0.143602
0.236691, -0.0657346, -0.424784, -0.0502237, 0.0510496, -0.148819
0.236083, -0.065622, -0.425384, -0.0498255, 0.0501506, -0.151798
0.235356, -0.0655008, -0.426296, -0.0494659, 0.049229, -0.155176
0.234131, -0.0654347, -0.427182, -0.0492062, 0.0486497, -0.158798
0.231893, -0.0653037, -0.42737, -0.0493915, 0.0499701, -0.165816
0.229834, -0.0651479, -0.427613, -0.049754, 0.0514889, -0.167702
0.227162, -0.0650585, -0.4279, -0.0496384, 0.0526853, -0.167977
0.224515, -0.0650143, -0.428286, -0.0494838, 0.0541927, -0.168376
0.221357, -0.0649696, -0.428872, -0.0495668, 0.055927, -0.167853
0.213737, -0.0652423, -0.429673, -0.0488673, 0.0605947, -0.163368
0.209375, -0.0653536, -0.430383, -0.0484457, 0.0631331, -0.161774
0.204697, -0.0658218, -0.431042, -0.0481671, 0.0658564, -0.159542
0.1951, -0.0668191, -0.432137, -0.0478857, 0.0716118, -0.155175
0.189286, -0.067954, -0.433173, -0.0472011, 0.0740248, -0.152637
0.184209, -0.0685655, -0.434178, -0.0468149, 0.0764446, -0.151763
0.178453, -0.0695653, -0.434634, -0.0466141, 0.0792059, -0.150793
0.167361, -0.0711843, -0.435394, -0.0460855, 0.084147, -0.148987
0.161173, -0.07224, -0.436221, -0.045419, 0.0858817, -0.148785
0.155263, -0.0732081, -0.43652, -0.0452044, 0.088089, -0.149178
0.143406, -0.0745763, -0.436767, -0.0450895, 0.0923942, -0.147869
0.137422, -0.074998, -0.436807, -0.0446838, 0.0941635, -0.146175
0.131338, -0.0753876, -0.436266, -0.0440654, 0.0965279, -0.142937
0.125006, -0.0759871, -0.435827, -0.0429395, 0.0979841, -0.138282
0.113409, -0.0761137, -0.43445, -0.0403355, 0.10075, -0.127078
0.106761, -0.076218, -0.433918, -0.0384623, 0.101427, -0.120278
0.0946285, -0.0767678, -0.433527, -0.0350212, 0.101597, -0.106158
0.0878081, -0.0773716, -0.433316, -0.0334326, 0.101261, -0.0996453
0.0814399, -0.0778271, -0.433182, -0.032371, 0.100661, -0.09385
0.075608, -0.0779842, -0.433113, -0.031764, 0.100155, -0.088732
0.0688014, -0.0787187, -0.432938, -0.0313887, 0.0996238, -0.0834522
0.0564661, -0.0798922, -0.432977, -0.0321405, 0.0969574, -0.0754782
0.0498517, -0.0809308, -0.433025, -0.0335927, 0.0955589, -0.0725487
0.0429951, -0.0821754, -0.432201, -0.0354299, 0.0950633, -0.0695083
0.0369107, -0.0832558, -0.431552, -0.0377692, 0.0938334, -0.0663136
0.0312462, -0.0842406, -0.430357, -0.0401593, 0.0929168, -0.0627421
0.0192548, -0.0862497, -0.427363, -0.0453348, 0.0907732, -0.0548938
0.0131335, -0.0871437, -0.425311, -0.0477346, 0.0895944, -0.0515012
0.00713955, -0.0886855, -0.424375, -0.0503836, 0.0874089, -0.0484726
-0.0048214, -0.0914406, -0.422313, -0.0559136, 0.0829939, -0.0454696
-0.0110619, -0.0932105, -0.420817, -0.058755, 0.0806861, -0.0450065
-0.016499, -0.0946055, -0.418845, -0.0613791, 0.0787086, -0.0454801
-0.027911, -0.0978489, -0.414801, -0.0672233, 0.0745102, -0.0468921
-0.033748, -0.0991201, -0.411852, -0.0698619, 0.0725648, -0.0483671
-0.0396502, -0.101267, -0.410157, -0.0728457, 0.0698697, -0.0500502
-0.0506133, -0.105037, -0.403645, -0.0805506, 0.0671346, -0.0551595
-0.0564469, -0.106903, -0.399542, -0.0852318, 0.0662397, -0.0568368
-0.061382, -0.108501, -0.396004, -0.0894703, 0.0650124, -0.0579939
-0.066554, -0.110781, -0.392651, -0.0931939, 0.0634429, -0.058982
-0.0717439, -0.112945, -0.389513, -0.0971422, 0.0615852, -0.0613722
-0.0763877, -0.114861, -0.386123, -0.101803, 0.0599494, -0.0653955
-0.0812462, -0.116652, -0.381722, -0.107058, 0.059144, -0.0691955
-0.0898809, -0.119995, -0.373712, -0.116472, 0.0572581, -0.0757562
-0.0945642, -0.122182, -0.369617, -0.121239, 0.0563097, -0.0799133
-0.0984791, -0.123421, -0.364724, -0.126831, 0.0563007, -0.0837043
-0.106037, -0.125837, -0.356784, -0.135559, 0.0554004, -0.0868454
-0.109539, -0.126321, -0.351573, -0.139702, 0.0557272, -0.0889283
-0.112852, -0.127009, -0.347038, -0.143541, 0.0560188, -0.0879486
-0.119076, -0.127994, -0.339861, -0.147576, 0.0562984, -0.0820873
-0.122127, -0.128364, -0.33535, -0.148914, 0.0570471, -0.0786197
-0.124597, -0.128616, -0.332878, -0.149069, 0.0565882, -0.0747942
-0.129597, -0.128822, -0.328948, -0.147847, 0.055301, -0.0670827
-0.132054, -0.128919, -0.326192, -0.146973, 0.0552551, -0.063313
-0.133649, -0.128789, -0.324568, -0.145412, 0.0544326, -0.0598818
-0.137018, -0.128276, -0.321515, -0.142154, 0.0541381, -0.0519949
-0.138576, -0.127745, -0.320508, -0.139801, 0.0533996, -0.0480077
-0.13964, -0.127146, -0.320104, -0.137709, 0.0519909, -0.045248
-0.141405, -0.125404, -0.319468, -0.134065, 0.051803, -0.040294
-0.142699, -0.124719, -0.319252, -0.132444, 0.0516131, -0.0376825
-0.143217, -0.123049, -0.318648, -0.130916, 0.0527419, -0.0353624
-0.143874, -0.121954, -0.318452, -0.129231, 0.0536306, -0.0318403
-0.14488, -0.120129, -0.31829, -0.126025, 0.0557019, -0.0255404
-0.145219, -0.118805, -0.318309, -0.124287, 0.0570634, -0.0234386
-0.146048, -0.117845, -0.320134, -0.121432, 0.0589753, -0.0218701
-0.146529, -0.116985, -0.320527, -0.120295, 0.0608852, -0.0230185
-0.146996, -0.116187, -0.321555, -0.120076, 0.0621368, -0.0254117
-0.148312, -0.115994, -0.321699, -0.119795, 0.0670756, -0.0302021
-0.149055, -0.115418, -0.321789, -0.120628, 0.0699066, -0.0321521
-0.149547, -0.114462, -0.321847, -0.12145, 0.0727176, -0.0332312
-0.150905, -0.113841, -0.320645, -0.121453, 0.0797035, -0.0310007
-0.151573, -0.113252, -0.320053, -0.121285, 0.0828056, -0.0290808
-0.152892, -0.112873, -0.319425, -0.119222, 0.087677, -0.0244284
-0.153604, -0.112455, -0.319169, -0.117868, 0.0891708, -0.0231718
-0.154039, -0.112026, -0.318629, -0.116735, 0.0912925, -0.0216451
-0.154501, -0.110657, -0.318325, -0.113173, 0.0929734, -0.0199442
-0.154764, -0.110062, -0.3182, -0.111646, 0.0936891, -0.0196409
-0.15494, -0.108652, -0.317938, -0.107945, 0.0943217, -0.0191949
-0.155102, -0.10795, -0.317858, -0.106169, 0.0940661, -0.0190097
-0.155268, -0.105552, -0.317223, -0.10249, 0.0945417, -0.018636
-0.155387, -0.104134, -0.316722, -0.100523, 0.0946084, -0.0177921
-0.15543, -0.101636, -0.316297, -0.0970507, 0.0939836, -0.0151685
-0.155417, -0.10019, -0.315825, -0.0950984, 0.0937627, -0.0130998
-0.155383, -0.0982377, -0.315272, -0.0917911, 0.0927835, -0.00910502
-0.155185, -0.096875, -0.315066, -0.0904482, 0.0920587, -0.00756143
-0.154983, -0.0948805, -0.314692, -0.0884437, 0.0909186, -0.00481471
-0.154772, -0.0938388, -0.314238, -0.0876793, 0.090584, -0.00366986
-0.154314, -0.0922093, -0.313947, -0.0870593, 0.0897333, -0.00183608
-0.15416, -0.0916856, -0.313767, -0.086771, 0.0893222, -0.00119803
-0.153719, -0.0902908, -0.313502, -0.0872517, 0.0887772, -0.00213872
-0.153408, -0.0893279, -0.313188, -0.0875952, 0.088712, -0.00259075
-0.153261, -0.089036, -0.312603, -0.0880526, 0.0889467, -0.00263359
-0.15308, -0.0885986, -0.312374, -0.0886654, 0.0888988, -0.00273955
-0.153003, -0.088132, -0.311304, -0.0890591, 0.0896613, -0.00222934
-0.152813, -0.0873638, -0.310774, -0.0892593, 0.0897496, -0.00184497
-0.152662, -0.0867916, -0.310123, -0.0893442, 0.0900136, -0.00131636
-0.152537, -0.0860835, -0.309143, -0.0890292, 0.0901182, -0.000500454
-0.152457, -0.0858688, -0.308245, -0.0888211, 0.0902915, -0.000150652
-0.152263, -0.0853474, -0.307534, -0.0884342, 0.0902683, -0.000282529
-0.152094, -0.0849821, -0.306968, -0.0878516, 0.0900583, -0.000706027
-0.151933, -0.0846667, -0.305647, -0.0873441, 0.0904711, -0.00125025
-0.151821, -0.0844389, -0.305425, -0.087066, 0.0898986, -0.00156211
-0.151587, -0.0840673, -0.303629, -0.0862499, 0.0906119, -0.00170818
-0.151319, -0.0835188, -0.302195, -0.084382, 0.0902164, -0.0013314
-0.15102, -0.0829362, -0.301798, -0.083228, 0.0895418, -0.00140571
-0.150864, -0.0827248, -0.301104, -0.0820015, 0.0891404, -0.00122636
-0.150738, -0.0825513, -0.300801, -0.0807474, 0.0882889, -0.00123639
-0.1504, -0.0823262, -0.299956, -0.0795025, 0.0880867, -0.00200125
-0.150132, -0.0820621, -0.299123, -0.078561, 0.087784, -0.00264724
-0.149881, -0.0818434, -0.298449, -0.0775741, 0.0873467, -0.00314757
-0.149516, -0.0816179, -0.29742, -0.0759127, 0.0864592, -0.00389451
-0.149259, -0.081503, -0.296833, -0.0751458, 0.0860652, -0.00401286
-0.149026, -0.0813803, -0.296567, -0.074661, 0.0855488, -0.00432417
-0.14872, -0.0812283, -0.296224, -0.0741918, 0.0851896, -0.00482404
-0.148394, -0.081048, -0.295934, -0.0738362, 0.0848056, -0.00555258
-0.148067, -0.0809072, -0.295384, -0.0736652, 0.0848026, -0.00616845
-0.147729, -0.0807975, -0.294276, -0.0733277, 0.0849406, -0.00598922
-0.147479, -0.0807214, -0.29395, -0.0730614, 0.0846916, -0.00609454
-0.147322, -0.0806698, -0.293433, -0.072961, 0.0847209, -0.00614314
-0.14715, -0.0806564, -0.293063, -0.0729347, 0.0846436, -0.0063456
-0.146993, -0.0806531, -0.2928, -0.0730604, 0.0845984, -0.00665056
-0.14684, -0.0806352, -0.29235, -0.0733014, 0.0848364, -0.00677787
-0.146713, -0.0806479, -0.291833, -0.0736821, 0.0851442, -0.00649009
-0.146565, -0.0806654, -0.29139, -0.0738752, 0.0854134, -0.00632494
-0.146474, -0.0806768, -0.291114, -0.0740244, 0.0855976, -0.00626754
-0.146341, -0.0806713, -0.290831, -0.07417, 0.0858007, -0.00653164
-0.146227, -0.0806807, -0.29069, -0.0742991, 0.0857916, -0.0069687
-0.146115, -0.0806885, -0.290489, -0.0746208, 0.0859891, -0.00766673
-0.14603, -0.0807058, -0.289847, -0.0749899, 0.0866723, -0.00816712
-0.145968, -0.0807277, -0.289571, -0.0755035, 0.0871036, -0.00854779
-0.145996, -0.0807238, -0.288575, -0.0756254, 0.0884737, -0.00824593
-0.14607, -0.0807194, -0.287893, -0.0753537, 0.089064, -0.00809826
-0.146161, -0.0807222, -0.287293, -0.0751292, 0.089624, -0.00820156
-0.146224, -0.0807131, -0.286585, -0.0749323, 0.0903296, -0.00865264
-0.146301, -0.0806551, -0.286067, -0.0747391, 0.0909406, -0.00941578
-0.146346, -0.080347, -0.284941, -0.0741954, 0.0921218, -0.0107086
-0.146464, -0.080179, -0.283561, -0.0734151, 0.0934456, -0.0117629
-0.146607, -0.0800681, -0.282272, -0.0726007, 0.0946843, -0.0130928
-0.14674, -0.0798029, -0.280828, -0.0713016, 0.0964434, -0.0181033
-0.146979, -0.0796916, -0.280066, -0.070691, 0.097079, -0.0212594
-0.147201, -0.0796096, -0.278893, -0.0699611, 0.0980143, -0.0248332
-0.147419, -0.0794808, -0.277201, -0.069535, 0.0991542, -0.0284111
-0.147566, -0.0792565, -0.275294, -0.0690541, 0.10027, -0.0316003
-0.147749, -0.0789801, -0.273533, -0.0685422, 0.101133, -0.0343322
-0.147935, -0.078775, -0.270248, -0.0671488, 0.102446, -0.037415
-0.148042, -0.0785006, -0.268255, -0.06611, 0.10294, -0.0383715
-0.148153, -0.078065, -0.266495, -0.0649121, 0.103168, -0.0390777
-0.14827, -0.0778333, -0.26517, -0.0639253, 0.103033, -0.0390072
-0.148384, -0.0774179, -0.262724, -0.0609347, 0.101944, -0.0380961
-0.148388, -0.077027, -0.260979, -0.0592538, 0.101236, -0.0377772
-0.148348, -0.0768528, -0.260316, -0.0577419, 0.099724, -0.0372967
-0.148106, -0.0766405, -0.259783, -0.0561641, 0.0978874, -0.0370746
-0.147456, -0.0764418, -0.258775, -0.0536477, 0.0940872, -0.0373207
-0.146738, -0.0760476, -0.257989, -0.0526705, 0.092138, -0.0379732
-0.14609, -0.0759177, -0.257347, -0.052091, 0.0901126, -0.0381061
-0.144591, -0.0757881, -0.256163, -0.0512098, 0.08631, -0.0378841
-0.143984, -0.0757353, -0.255724, -0.0511542, 0.0841187, -0.0370857
-0.143204, -0.0758058, -0.255259, -0.0510682, 0.0821926, -0.0363897
-0.142707, -0.0762344, -0.255094, -0.0514379, 0.0800316, -0.0353604
-0.141821, -0.0765399, -0.25495, -0.0520005, 0.0780283, -0.0348663
-0.140555, -0.0782595, -0.254846, -0.0534345, 0.0739036, -0.0346258
-0.139413, -0.0794303, -0.254888, -0.0544153, 0.0720285, -0.0363793
-0.138655, -0.0813764, -0.254973, -0.0559834, 0.0706848, -0.0384143
-0.137795, -0.0833059, -0.255111, -0.0581391, 0.0694767, -0.0409326
-0.136821, -0.0852245, -0.2551, -0.0604905, 0.0687933, -0.0431107
-0.135265, -0.0896039, -0.255229, -0.065785, 0.0672788, -0.0451904
-0.134264, -0.0926785, -0.255208, -0.0679765, 0.0665037, -0.045718
-0.13352, -0.0953275, -0.255304, -0.0702344, 0.0654356, -0.0468979
-0.132853, -0.0984668, -0.255478, -0.0725252, 0.0644417, -0.0482202
-0.132041, -0.101368, -0.255726, -0.0750818, 0.0636045, -0.0499656
-0.13056, -0.107334, -0.255895, -0.0799716, 0.0630471, -0.0524415
-0.129513, -0.11053, -0.255925, -0.0821398, 0.0625909, -0.0536761
-0.12875, -0.114014, -0.255971, -0.0843621, 0.06214, -0.0545466
-0.127852, -0.117569, -0.256072, -0.0866349, 0.0614313, -0.0553102
-0.127285, -0.121425, -0.255995, -0.0885944, 0.0611679, -0.0554775
-0.125736, -0.128559, -0.256095, -0.0919376, 0.0598477, -0.0554555
-0.125021, -0.132816, -0.256056, -0.0931262, 0.0592004, -0.0552307
-0.124135, -0.13646, -0.25605, -0.094142, 0.058195, -0.0554267
-0.123293, -0.140148, -0.256038, -0.0950639, 0.0572416, -0.0555068
-0.122208, -0.143765, -0.256006, -0.0952675, 0.0559458, -0.0560046
-0.120148, -0.150475, -0.256317, -0.0949096, 0.0522837, -0.059869
-0.119123, -0.154972, -0.256332, -0.0946064, 0.0509123, -0.0624564
-0.118061, -0.158847, -0.256332, -0.0943215, 0.049224, -0.0652675
-0.115916, -0.166494, -0.256256, -0.0928335, 0.0456435, -0.0704479
-0.114455, -0.170213, -0.256253, -0.0916855, 0.0436657, -0.073575
-0.111956, -0.176766, -0.256187, -0.0890131, 0.0395027, -0.0802613
-0.11029, -0.180567, -0.256162, -0.0876705, 0.0375505, -0.0840025
-0.107343, -0.187223, -0.256195, -0.0847495, 0.0335957, -0.0913247
-0.104741, -0.194502, -0.256522, -0.0814699, 0.0298162, -0.097007
-0.103135, -0.198084, -0.256887, -0.0797368, 0.0280533, -0.0996153
-0.100937, -0.205069, -0.256803, -0.0761583, 0.0254631, -0.103136
-0.0997496, -0.208677, -0.25709, -0.0745332, 0.0239215, -0.104215
-0.0980743, -0.215863, -0.257693, -0.0708766, 0.020906, -0.106075
-0.0966309, -0.223289, -0.257868, -0.0680214, 0.0188785, -0.10819
-0.0958783, -0.22746, -0.258281, -0.0667932, 0.0175437, -0.109794
-0.0949342, -0.235645, -0.25847, -0.0658002, 0.0155224, -0.11351
-0.0944072, -0.239774, -0.258628, -0.0656607, 0.014652, -0.115529
-0.0938793, -0.248919, -0.25878, -0.0658821, 0.013008, -0.119393
-0.0935544, -0.25384, -0.258794, -0.0666474, 0.0125991, -0.12144
-0.093108, -0.263229, -0.258712, -0.0677741, 0.0111798, -0.125723
-0.0928151, -0.268561, -0.25836, -0.0689052, 0.0106865, -0.128274
-0.0925783, -0.27351, -0.257843, -0.0702244, 0.010295, -0.130669
-0.0923394, -0.283118, -0.256989, -0.0730544, 0.00922143, -0.135105
-0.0923455, -0.288375, -0.256173, -0.0744805, 0.00889911, -0.137135
-0.0924867, -0.293523, -0.255434, -0.0759544, 0.00847495, -0.138834
-0.0926825, -0.298571, -0.254552, -0.0774438, 0.00814721, -0.140164
-0.0931994, -0.308317, -0.253077, -0.07949, 0.00704174, -0.143654
-0.0935582, -0.313475, -0.252434, -0.0803884, 0.00612278, -0.146308
-0.0938787, -0.318144, -0.251283, -0.0812776, 0.00547286, -0.149501
-0.0941629, -0.322787, -0.250701, -0.0822317, 0.00445212, -0.152976
-0.0949038, -0.332602, -0.249034, -0.0842632, 0.0029998, -0.15898
-0.0952237, -0.336883, -0.24796, -0.0849475, 0.00221652, -0.162409
-0.0954623, -0.341175, -0.246549, -0.0856753, 0.00166274, -0.165894
-0.0959304, -0.345473, -0.245561, -0.0863056, 0.000837537, -0.169426
-0.0964444, -0.354484, -0.243881, -0.0870649, -0.00068923, -0.175947
-0.0970078, -0.358395, -0.242984, -0.0874716, -0.00163452, -0.179694
-0.0974165, -0.363035, -0.241845, -0.0877252, -0.00227155, -0.182607
-0.0978261, -0.3671, -0.24072, -0.0877808, -0.00310212, -0.186114
-0.0982609, -0.374651, -0.239562, -0.0883737, -0.00506415, -0.192072
-0.0987294, -0.37917, -0.238524, -0.0884543, -0.00559393, -0.19374
-0.0990562, -0.382405, -0.23785, -0.088431, -0.00648511, -0.19559
-0.0997052, -0.389028, -0.236438, -0.088158, -0.00791775, -0.198148
-0.100327, -0.3927, -0.235523, -0.0879666, -0.00814424, -0.199151
-0.100808, -0.396215, -0.234538, -0.0875025, -0.00912937, -0.199931
-0.101194, -0.398381, -0.234083, -0.0871046, -0.00979723, -0.201583
-0.101937, -0.403683, -0.232803, -0.0858539, -0.0106644, -0.205143
-0.10244, -0.407221, -0.231877, -0.0852366, -0.0111431, -0.20683
-0.102894, -0.409573, -0.231276, -0.0845829, -0.0117781, -0.209114
-0.103506, -0.413862, -0.230298, -0.0832074, -0.0127913, -0.212945
-0.104039, -0.416357, -0.22955, -0.0823042, -0.0131436, -0.214156
-0.104526, -0.418583, -0.228596, -0.0812667, -0.0131048, -0.21575
-0.104913, -0.420296, -0.227902, -0.0801139, -0.0131991, -0.217906
-0.105703, -0.423653, -0.22664, -0.0778104, -0.0129067, -0.223641
-0.106226, -0.425888, -0.225769, -0.0768532, -0.0124805, -0.226862
-0.106671, -0.427531, -0.225153, -0.075929, -0.0120428, -0.230618
-0.107511, -0.43118, -0.224218, -0.0750721, -0.0109829, -0.237706
-0.108108, -0.433109, -0.223928, -0.0750756, -0.0105451, -0.240312
-0.108729, -0.434868, -0.223626, -0.0750421, -0.00986608, -0.24197
-0.109397, -0.436748, -0.222988, -0.0750242, -0.00916911, -0.243113
-0.110573, -0.440015, -0.222159, -0.0755568, -0.00733151, -0.244035
-0.111394, -0.442145, -0.221575, -0.0760282, -0.00671598, -0.243561
-0.112086, -0.443781, -0.221168, -0.0765529, -0.00622248, -0.242589
-0.112769, -0.445223, -0.220735, -0.0770102, -0.00575327, -0.241184
-0.113854, -0.447942, -0.220073, -0.0781768, -0.00538648, -0.236693
-0.114464, -0.44908, -0.219791, -0.0784279, -0.00566322, -0.234351
-0.11529, -0.450864, -0.21894, -0.0785239, -0.00601762, -0.231112
-0.115615, -0.451423, -0.218633, -0.078869, -0.00657715, -0.231053
-0.115911, -0.452819, -0.218299, -0.0798225, -0.00739136, -0.231375
-0.116228, -0.454021, -0.218091, -0.080507, -0.00782631, -0.231906
-0.116428, -0.455307, -0.21807, -0.0825751, -0.00859806, -0.231642
-0.116588, -0.455532, -0.21797, -0.0832754, -0.00866635, -0.232024
-0.116954, -0.457472, -0.217709, -0.085266, -0.0085734, -0.231524
-0.117297, -0.458221, -0.217467, -0.0861214, -0.00836683, -0.231447
-0.117852, -0.459936, -0.217328, -0.0876086, -0.0082032, -0.231019
-0.118242, -0.460673, -0.217221, -0.0881938, -0.00814601, -0.230889
-0.11879, -0.461323, -0.217171, -0.089407, -0.00809408, -0.230323
-0.119146, -0.46153, -0.21707, -0.0895461, -0.00798222, -0.229814
-0.119398, -0.461689, -0.216983, -0.0895892, -0.00799257, -0.229363
-0.119716, -0.461855, -0.21688, -0.0892832, -0.0080487, -0.228735
-0.119917, -0.462005, -0.216794, -0.0891054, -0.00815282, -0.22869
-0.12014, -0.4621, -0.216818, -0.0887001, -0.00858355, -0.228339
-0.12041, -0.462222, -0.216952, -0.0884542, -0.00873907, -0.227428
-0.120567, -0.462067, -0.217032, -0.0879874, -0.00868678, -0.226952
-0.120782, -0.461981, -0.217026, -0.0870073, -0.00825508, -0.225293
-0.120893, -0.461846, -0.217024, -0.0864512, -0.00790087, -0.224646
-0.120977, -0.461555, -0.217004, -0.0857815, -0.00768879, -0.224406
-0.121059, -0.460323, -0.217276, -0.0848193, -0.00789444, -0.223968
-0.121094, -0.459453, -0.217531, -0.0842237, -0.00796274, -0.223536
-0.121171, -0.458891, -0.21758, -0.0830792, -0.00763487, -0.222015
-0.121239, -0.458686, -0.217623, -0.0823211, -0.00729178, -0.220825
-0.121244, -0.458158, -0.217613, -0.0814981, -0.00712265, -0.220504
-0.121232, -0.457149, -0.21762, -0.08041, -0.00720761, -0.220616
-0.121234, -0.456574, -0.217648, -0.0798681, -0.00723514, -0.220529
-0.121245, -0.456253, -0.217749, -0.0794845, -0.00740438, -0.22029
-0.121324, -0.455949, -0.217809, -0.0788699, -0.00751311, -0.218765
-0.12134, -0.455211, -0.21786, -0.0784352, -0.00758872, -0.218361
-0.121373, -0.454961, -0.217895, -0.0781651, -0.00736829, -0.217717
-0.12143, -0.45434, -0.217906, -0.0777795, -0.00757524, -0.216613
-0.121476, -0.454066, -0.217907, -0.0776258, -0.0076711, -0.21569
-0.121529, -0.453892, -0.217889, -0.0775989, -0.00776404, -0.214686
-0.121631, -0.453443, -0.217757, -0.0775287, -0.00827985, -0.212683
-0.121696, -0.453194, -0.217573, -0.0776355, -0.00824123, -0.21141
-0.121674, -0.452456, -0.2175, -0.0776755, -0.00870284, -0.210544
-0.121767, -0.452055, -0.217084, -0.0776832, -0.00955373, -0.207697
-0.121702, -0.451394, -0.216711, -0.0775306, -0.00995852, -0.206966
-0.121475, -0.44989, -0.216363, -0.0776985, -0.0112895, -0.206123
-0.121356, -0.449298, -0.216028, -0.0779592, -0.011946, -0.205024
-0.121211, -0.448562, -0.215618, -0.0780614, -0.0124284, -0.203827
-0.120906, -0.446709, -0.215103, -0.0784216, -0.0137496, -0.201143
-0.12052, -0.445468, -0.214693, -0.078535, -0.0143819, -0.199224
-0.120166, -0.444048, -0.213978, -0.0784888, -0.0147484, -0.197557
-0.119705, -0.441816, -0.21289, -0.0785195, -0.0158872, -0.194229
-0.119275, -0.440391, -0.212322, -0.0783484, -0.0166566, -0.192572
-0.118786, -0.438384, -0.211577, -0.0780618, -0.0171275, -0.191277
-0.117878, -0.434724, -0.210607, -0.077203, -0.0185074, -0.188427
-0.117169, -0.432226, -0.210401, -0.0766303, -0.0195342, -0.186985
-0.116544, -0.430536, -0.210153, -0.0760437, -0.0206251, -0.184803
-0.115883, -0.427062, -0.209897, -0.0743673, -0.0221786, -0.180165
-0.115329, -0.42427, -0.209722, -0.0733377, -0.0231136, -0.178137
-0.114764, -0.421642, -0.209565, -0.072351, -0.0238253, -0.175781
-0.114442, -0.419518, -0.209357, -0.0711106, -0.0243489, -0.172889
-0.114118, -0.417171, -0.209047, -0.0697755, -0.0247869, -0.170192
-0.113531, -0.412107, -0.208713, -0.067196, -0.025931, -0.164917
-0.113124, -0.409172, -0.208371, -0.0657487, -0.0263422, -0.162304
-0.112708, -0.406472, -0.208016, -0.0641311, -0.0267473, -0.159885
-0.112271, -0.403533, -0.207811, -0.0626052, -0.0273612, -0.157786
-0.111942, -0.401059, -0.207436, -0.0609729, -0.0276261, -0.155421
-0.111528, -0.396218, -0.206733, -0.0581293, -0.0282603, -0.149958
-0.111035, -0.393228, -0.206344, -0.0566938, -0.028641, -0.146393
-0.11062, -0.388887, -0.205907, -0.0535317, -0.0293443, -0.136106
-0.110279, -0.386102, -0.205518, -0.0518177, -0.0295367, -0.130653
-0.109805, -0.381838, -0.204634, -0.0496418, -0.0292887, -0.126674
-0.109154, -0.374728, -0.203859, -0.0458073, -0.0297762, -0.119867
-0.108612, -0.370632, -0.203436, -0.0442065, -0.0299607, -0.117304
-0.108131, -0.366747, -0.203082, -0.0428075, -0.0301421, -0.114905
-0.107295, -0.358902, -0.202561, -0.0403927, -0.03043, -0.109285
-0.106705, -0.354407, -0.202092, -0.0390552, -0.0303824, -0.106506
-0.10608, -0.349863, -0.201267, -0.0379151, -0.0300182, -0.104109
-0.105091, -0.341351, -0.200725, -0.0358262, -0.0300425, -0.0988202
-0.104269, -0.336041, -0.200442, -0.0349404, -0.0300057, -0.0965488
-0.103706, -0.332058, -0.200002, -0.0343093, -0.0296566, -0.0933806
-0.103211, -0.324119, -0.199666, -0.0334539, -0.0292432, -0.0838417
-0.102685, -0.319281, -0.199491, -0.0331188, -0.0289882, -0.0776977
-0.102462, -0.310461, -0.198842, -0.0323743, -0.0278514, -0.0628143
-0.102173, -0.304841, -0.198639, -0.0321687, -0.0279321, -0.0540728
-0.102245, -0.299277, -0.198175, -0.031417, -0.0268282, -0.0446462
-0.102103, -0.286756, -0.197264, -0.0299146, -0.0251581, -0.0258768
-0.101813, -0.279958, -0.196655, -0.0288462, -0.024352, -0.0162065
-0.101666, -0.265467, -0.195255, -0.0254361, -0.0225852, -0.00188844
-0.10111, -0.250905, -0.19497, -0.0237588, -0.0216565, 0.00693234
-0.100775, -0.243749, -0.194775, -0.0233008, -0.0209192, 0.0112893
-0.100636, -0.236871, -0.194127, -0.0224264, -0.0198809, 0.0154744
-0.100446, -0.229492, -0.193626, -0.0218667, -0.0188809, 0.018461
-0.100453, -0.22321, -0.192851, -0.0215292, -0.0175328, 0.0216586
-0.100477, -0.21637, -0.192011, -0.0212452, -0.0163681, 0.0243939
-0.100479, -0.210051, -0.191219, -0.0212871, -0.015363, 0.0271714
-0.100819, -0.198735, -0.190027, -0.0220577, -0.0139275, 0.0342809
-0.101135, -0.192424, -0.18799, -0.0222444, -0.0126329, 0.0394025
-0.101499, -0.186484, -0.187114, -0.0222482, -0.0125906, 0.0453184
-0.102369, -0.175615, -0.184523, -0.0213004, -0.0123285, 0.0594789
-0.1028, -0.16909, -0.183064, -0.0206196, -0.0127696, 0.066328
-0.103494, -0.1575, -0.18206, -0.0190023, -0.0150239, 0.0800286
-0.103837, -0.151236, -0.180799, -0.018005, -0.0159872, 0.0867114
-0.104036, -0.145403, -0.180453, -0.0171345, -0.0178279, 0.0932254
-0.104332, -0.133964, -0.179289, -0.0147941, -0.021183, 0.105019
-0.104304, -0.127957, -0.178971, -0.0140768, -0.0235718, 0.110779
-0.104255, -0.116871, -0.178081, -0.0117616, -0.0276525, 0.123363
-0.103995, -0.111106, -0.177696, -0.0102321, -0.0301229, 0.129215
-0.103672, -0.105097, -0.177135, -0.00870813, -0.0322321, 0.134087
-0.103111, -0.094881, -0.176429, -0.00556013, -0.0367772, 0.14346
-0.102859, -0.0890878, -0.175709, -0.00411633, -0.038417, 0.147773
-0.102294, -0.0836641, -0.175223, -0.00306745, -0.0402365, 0.152156
-0.101877, -0.0735251, -0.174343, 0.000427517, -0.0433615, 0.160353
-0.101571, -0.0684007, -0.173955, 0.0020895, -0.0448266, 0.163922
-0.101527, -0.0589479, -0.173075, 0.00570425, -0.0466509, 0.170022
-0.101486, -0.0541935, -0.172639, 0.00759694, -0.0474035, 0.172511
-0.101366, -0.0492455, -0.172025, 0.00959471, -0.0476984, 0.173832
-0.101258, -0.0393483, -0.170855, 0.0135103, -0.0477459, 0.17437
-0.101088, -0.0348704, -0.170007, 0.0152999, -0.0472941, 0.174371
-0.101103, -0.0261289, -0.168604, 0.0189822, -0.0460868, 0.173759
-0.101285, -0.0213727, -0.167347, 0.0210131, -0.04496, 0.173724
-0.1019, -0.0132973, -0.165718, 0.024973, -0.0429068, 0.174314
-0.10248, -0.00933291, -0.165095, 0.0269906, -0.0420793, 0.174722
-0.103035, -0.00511079, -0.164099, 0.0287483, -0.0405585, 0.174977
-0.104304, 0.00200333, -0.162731, 0.0322981, -0.0378894, 0.177403
-0.105067, 0.00597974, -0.162051, 0.0342516, -0.0366716, 0.178643
-0.105838, 0.0093783, -0.161614, 0.0363108, -0.0356231, 0.179872
-0.10656, 0.0127548, -0.161207, 0.0383762, -0.0344336, 0.180544
-0.107318, 0.0163866, -0.16077, 0.0404043, -0.0333239, 0.1806
-0.108157, 0.0195174, -0.160487, 0.0421082, -0.032279, 0.180888
-0.109536, 0.0258345, -0.159941, 0.0456203, -0.0300432, 0.180817
-0.110627, 0.0285346, -0.159663, 0.047318, -0.0292867, 0.181004
-0.112387, 0.0338517, -0.159194, 0.0501268, -0.0271568, 0.18129
-0.114056, 0.0386165, -0.1589, 0.0526794, -0.0254113, 0.181511
-0.11509, 0.0413236, -0.158693, 0.0533025, -0.0242709, 0.180732
-0.116716, 0.0453659, -0.158109, 0.0536785, -0.0219374, 0.181587
-0.11771, 0.0472387, -0.157959, 0.0542415, -0.0214744, 0.182283
-0.118557, 0.0490264, -0.15764, 0.054212, -0.020488, 0.18276
-0.119762, 0.0517785, -0.157461, 0.0546504, -0.0199581, 0.183487
-0.120437, 0.0531774, -0.157212, 0.0544509, -0.0195636, 0.183758
-0.120861, 0.0543687, -0.156922, 0.0542374, -0.0194136, 0.183777
-0.121353, 0.0552766, -0.156626, 0.053735, -0.0193079, 0.183753
-0.122069, 0.0562705, -0.156323, 0.0527195, -0.0199609, 0.184755
-0.122504, 0.0568124, -0.155992, 0.0520594, -0.0204461, 0.185533
-0.122804, 0.0571563, -0.155692, 0.0513877, -0.0210943, 0.186577
-0.123081, 0.057447, -0.155416, 0.0502651, -0.0232162, 0.188318
-0.123307, 0.0580106, -0.155144, 0.0498179, -0.02459, 0.188873
-0.123426, 0.0582164, -0.154834, 0.049497, -0.0257058, 0.189525
-0.12342, 0.058404, -0.15456, 0.048424, -0.0286781, 0.190638
-0.123313, 0.0585209, -0.154376, 0.0482405, -0.0301099, 0.190916
-0.123318, 0.0586011, -0.15415, 0.0478357, -0.0312908, 0.191576
-0.122745, 0.0586877, -0.15374, 0.0470627, -0.033671, 0.192321
-0.122627, 0.0586856, -0.153504, 0.04691, -0.0346223, 0.193375
-0.122505, 0.0585011, -0.153372, 0.0468815, -0.0356999, 0.194668
-0.122017, 0.0583583, -0.153226, 0.0469505, -0.0375046, 0.195757
-0.121899, 0.0581451, -0.153088, 0.0469727, -0.0380881, 0.196383
-0.121537, 0.0579562, -0.152965, 0.0471179, -0.0386033, 0.196683
-0.121302, 0.0574429, -0.152864, 0.0473843, -0.0391668, 0.197102
-0.12113, 0.0570165, -0.152798, 0.0474923, -0.0392598, 0.197113
-0.120976, 0.0566568, -0.152741, 0.0475072, -0.0391603, 0.19692
-0.120739, 0.0561164, -0.152694, 0.0475777, -0.0387925, 0.196041
-0.12058, 0.0556256, -0.152667, 0.0474406, -0.0385296, 0.195363
-0.120411, 0.0548662, -0.152628, 0.0467543, -0.0376191, 0.194039
-0.120322, 0.0543754, -0.152543, 0.0462369, -0.0370986, 0.193724
-0.120261, 0.053369, -0.152489, 0.0451873, -0.0366716, 0.19362
-0.120127, 0.0527382, -0.152459, 0.0446343, -0.0367939, 0.193215
-0.119961, 0.0517239, -0.152497, 0.043281, -0.036959, 0.191671
-0.119873, 0.0510526, -0.152455, 0.0423569, -0.0369521, 0.191103
-0.119654, 0.0499524, -0.152464, 0.0405394, -0.0374599, 0.190409
-0.11953, 0.0491749, -0.152458, 0.0397193, -0.0379167, 0.190386
-0.119223, 0.0478287, -0.152501, 0.0381514, -0.0390824, 0.190025
-0.118874, 0.0475704, -0.152417, 0.0375537, -0.0395773, 0.189313
-0.118495, 0.0465877, -0.152376, 0.0361987, -0.0406297, 0.188965
-0.118139, 0.0460255, -0.152339, 0.0357663, -0.0414075, 0.18899
-0.117497, 0.0455029, -0.152342, 0.034865, -0.0432502, 0.189282
-0.117042, 0.0451124, -0.152347, 0.0350842, -0.0443273, 0.189713
-0.116204, 0.0444568, -0.152996, 0.0357889, -0.0466009, 0.188653
-0.115839, 0.0439177, -0.153347, 0.0354522, -0.047045, 0.187943
-0.115628, 0.0433039, -0.153611, 0.0350594, -0.0473131, 0.188532
-0.115245, 0.0422277, -0.154668, 0.0354067, -0.0484926, 0.190215
-0.114576, 0.042049, -0.155296, 0.0355292, -0.0486869, 0.190089
-0.114137, 0.041265, -0.15667, 0.0358399, -0.0488639, 0.189829
-0.113906, 0.0408118, -0.157289, 0.0357178, -0.0482844, 0.189254
-0.113556, 0.0402749, -0.158349, 0.0356372, -0.0467521, 0.187037
-0.113329, 0.0398923, -0.159048, 0.0355407, -0.0458195, 0.185421
-0.113127, 0.0382806, -0.160116, 0.0347583, -0.0430584, 0.183067
-0.113035, 0.0380474, -0.160351, 0.0342725, -0.0411397, 0.18148
-0.113209, 0.0367245, -0.160902, 0.0334261, -0.0376076, 0.179983
-0.11335, 0.0359371, -0.161463, 0.0332673, -0.0361548, 0.179047
-0.113686, 0.0348233, -0.162061, 0.0328404, -0.0330592, 0.176248
-0.113893, 0.0339844, -0.162504, 0.0324159, -0.0317341, 0.174969
-0.114275, 0.0328216, -0.16281, 0.0315345, -0.0291324, 0.172875
-0.114475, 0.0319039, -0.163139, 0.0311072, -0.028255, 0.172334
-0.114664, 0.0306207, -0.163456, 0.0304483, -0.0270738, 0.170538
-0.114734, 0.0299569, -0.163693, 0.0300559, -0.0267859, 0.169459
-0.114734, 0.0288053, -0.163905, 0.0291385, -0.0266316, 0.167524
-0.114797, 0.0280934, -0.164076, 0.0287073, -0.0266811, 0.166904
-0.114752, 0.0273676, -0.164226, 0.0280496, -0.0272691, 0.16524
-0.114718, 0.0267036, -0.164298, 0.0277373, -0.0277966, 0.164774
-0.114546, 0.0256846, -0.164351, 0.0272161, -0.0289374, 0.16397
-0.114336, 0.0251967, -0.164373, 0.0270106, -0.0296377, 0.163577
-0.113812, 0.0245878, -0.164404, 0.0264805, -0.0309993, 0.162775
-0.113412, 0.0238909, -0.16447, 0.0261198, -0.0318224, 0.162669
-0.112769, 0.0231447, -0.164553, 0.0251623, -0.0328617, 0.162636
-0.112297, 0.0226531, -0.164653, 0.0246796, -0.0333037, 0.162997
-0.1115, 0.0220128, -0.165048, 0.0239861, -0.0342133, 0.164042
-0.110936, 0.0217674, -0.165472, 0.0236307, -0.0346787, 0.164563
-0.109823, 0.0214242, -0.166797, 0.0229698, -0.0359729, 0.166206
-0.109009, 0.02104, -0.16779, 0.022216, -0.0365453, 0.167341
-0.107299, 0.0208226, -0.170715, 0.0217602, -0.0384683, 0.171131
-0.105849, 0.020661, -0.173235, 0.0218088, -0.0399486, 0.171522
-0.103425, 0.0204214, -0.178813, 0.0203203, -0.0423733, 0.16923
-0.10064, 0.0203543, -0.183916, 0.0166079, -0.0426844, 0.165774
-0.0988848, 0.0198176, -0.187559, 0.0140329, -0.0426722, 0.165838
-0.0963151, 0.0192406, -0.194101, 0.00974784, -0.0415738, 0.167569
-0.0945713, 0.0186659, -0.198229, 0.00750622, -0.0405863, 0.168529
-0.0911932, 0.018482, -0.205778, 0.00267216, -0.037123, 0.168036
-0.0897213, 0.0179128, -0.210755, -0.000273629, -0.0350653, 0.167657
-0.0877478, 0.0152234, -0.220925, -0.00612864, -0.0301959, 0.167009
-0.0864814, 0.0136681, -0.226369, -0.00976643, -0.0270038, 0.166292
-0.0859704, 0.0115191, -0.230964, -0.0140235, -0.0230153, 0.166748
-0.0851145, 0.00746528, -0.241471, -0.022805, -0.0161193, 0.17072
-0.0844866, 0.00551768, -0.246575, -0.0266927, -0.0120888, 0.173481
-0.084166, 0.0034122, -0.250696, -0.0305079, -0.0072936, 0.1769
-0.0839025, 0.00173397, -0.255942, -0.0341865, -0.00325892, 0.180379
-0.0838348, -6.51181e-05, -0.260896, -0.0370192, 0.00119203, 0.183827
-0.0837457, -0.0037863, -0.27162, -0.0416373, 0.00951057, 0.187595
-0.0835639, -0.00575889, -0.277471, -0.0435795, 0.0138352, 0.187078
-0.0832831, -0.00760447, -0.283863, -0.0460115, 0.0177564, 0.185588
-0.0830922, -0.00933387, -0.288404, -0.0482504, 0.0232607, 0.183826
-0.0832935, -0.0124672, -0.299393, -0.0533989, 0.0334245, 0.183131
-0.0835773, -0.0143968, -0.30516, -0.0549504, 0.0387286, 0.183709
-0.0839271, -0.0161896, -0.310359, -0.0560066, 0.0440363, 0.183762
-0.084266, -0.0177411, -0.316604, -0.0570127, 0.0488454, 0.18299
-0.0850122, -0.0193231, -0.323263, -0.058582, 0.05379, 0.182179
-0.0865982, -0.0216527, -0.334335, -0.0607682, 0.0648484, 0.181664
-0.0876389, -0.0230879, -0.339691, -0.0612311, 0.0706095, 0.18207
-0.0886896, -0.024106, -0.344811, -0.0610923, 0.0757714, 0.181868
-0.0894864, -0.0253506, -0.351034, -0.0611081, 0.0803409, 0.181088
-0.09124, -0.0266978, -0.360555, -0.0610753, 0.0907637, 0.178364
-0.0923423, -0.0277226, -0.365595, -0.0606525, 0.0957234, 0.177271
-0.0933914, -0.0282177, -0.370069, -0.0602387, 0.100858, 0.175983
-0.0956626, -0.0287176, -0.379648, -0.0591749, 0.109274, 0.174609
-0.0970163, -0.0289156, -0.384546, -0.0581329, 0.11295, 0.174127
-0.097967, -0.0292365, -0.388793, -0.0569479, 0.116337, 0.173541
-0.098948, -0.029376, -0.393035, -0.0558195, 0.119285, 0.172721
-0.0998083, -0.0295949, -0.397384, -0.0545073, 0.12169, 0.171989
-0.100483, -0.02972, -0.401391, -0.0530798, 0.123839, 0.170846
-0.101719, -0.0297856, -0.408966, -0.0510684, 0.127114, 0.167846
-0.10252, -0.0296918, -0.41248, -0.049674, 0.128471, 0.167053
-0.103192, -0.0292999, -0.418624, -0.0462135, 0.129639, 0.1655
-0.103516, -0.0289754, -0.421483, -0.0448541, 0.129926, 0.163839
-0.103705, -0.0285009, -0.423585, -0.0436277, 0.130072, 0.161596
-0.103882, -0.0274657, -0.429674, -0.0422928, 0.128552, 0.158589
-0.103999, -0.0268495, -0.431942, -0.0412097, 0.127981, 0.157226
-0.10405, -0.0264343, -0.434715, -0.0405265, 0.126545, 0.155416
-0.104054, -0.0257151, -0.436931, -0.040411, 0.1256, 0.153484
-0.103979, -0.0250126, -0.441828, -0.0405854, 0.123379, 0.151271
-0.103894, -0.0246212, -0.443979, -0.0404495, 0.122521, 0.15048
-0.103747, -0.0243776, -0.446096, -0.0405937, 0.1215, 0.14961
-0.10349, -0.0240971, -0.448346, -0.0409295, 0.120434, 0.148401
-0.10332, -0.0239098, -0.450078, -0.0413644, 0.119847, 0.147168
-0.103002, -0.0235766, -0.451927, -0.0421603, 0.119703, 0.144007
-0.102632, -0.0233868, -0.453963, -0.0431576, 0.119271, 0.142493
-0.10242, -0.0232902, -0.456059, -0.0440848, 0.118806, 0.140619
-0.102136, -0.0233857, -0.458313, -0.0466884, 0.119625, 0.136879
-0.101995, -0.0237335, -0.459474, -0.0482764, 0.120497, 0.135432
-0.101906, -0.0240911, -0.460355, -0.0497945, 0.121676, 0.134171
-0.101883, -0.0245195, -0.460891, -0.0511164, 0.122926, 0.133492
-0.101927, -0.0254598, -0.461959, -0.0539684, 0.125272, 0.131456
-0.102031, -0.0259393, -0.462295, -0.0553101, 0.126807, 0.130156
-0.102124, -0.0265963, -0.462982, -0.0567643, 0.127922, 0.129234
-0.102361, -0.027117, -0.46337, -0.0582807, 0.129498, 0.128424
-0.102863, -0.0280909, -0.463764, -0.0600454, 0.13237, 0.127631
-0.103133, -0.0285739, -0.464006, -0.0604331, 0.133787, 0.126633
-0.103496, -0.0292475, -0.464129, -0.0610219, 0.135139, 0.125543
-0.103825, -0.0299249, -0.464235, -0.0616945, 0.13679, 0.123179
-0.10404, -0.0304147, -0.464289, -0.0619186, 0.137544, 0.121874
-0.104212, -0.0308082, -0.464357, -0.0619065, 0.137768, 0.120398
-0.10429, -0.0313282, -0.464166, -0.0620364, 0.138447, 0.116715
-0.104314, -0.0316272, -0.463672, -0.0622514, 0.138816, 0.114916
-0.104311, -0.0323152, -0.463438, -0.0630858, 0.13798, 0.112269
-0.104316, -0.0327531, -0.462817, -0.0635817, 0.1378, 0.111191
-0.104295, -0.0333006, -0.462721, -0.0642597, 0.136903, 0.11027
-0.104, -0.0342001, -0.462761, -0.0670591, 0.135231, 0.10812
-0.1038, -0.0360078, -0.462757, -0.0687295, 0.134036, 0.10821
-0.103673, -0.0371855, -0.462266, -0.0701381, 0.133961, 0.107738
-0.103197, -0.0384404, -0.461756, -0.0737625, 0.133136, 0.106126
-0.102856, -0.039584, -0.461587, -0.0755972, 0.132595, 0.105945
-0.102173, -0.0407202, -0.461352, -0.0789906, 0.131893, 0.105003
-0.101775, -0.0417407, -0.461252, -0.0805043, 0.131516, 0.104934
-0.101388, -0.0425734, -0.461143, -0.0819814, 0.131339, 0.104934
-0.100789, -0.0434478, -0.46074, -0.0839193, 0.131435, 0.104723
-0.10049, -0.0444066, -0.460634, -0.0846161, 0.131311, 0.104377
-0.100146, -0.0446882, -0.460411, -0.0853345, 0.131478, 0.103166
-0.0998301, -0.0454644, -0.460338, -0.0863308, 0.131661, 0.101152
-0.0994865, -0.0458331, -0.460201, -0.0866623, 0.131986, 0.0999673
-0.0992846, -0.0465931, -0.459816, -0.0871507, 0.133248, 0.0988376
-0.0991625, -0.0473936, -0.459672, -0.0870301, 0.133551, 0.0986191
-0.0989878, -0.0476541, -0.459582, -0.0871035, 0.134052, 0.0975121
-0.098831, -0.0479252, -0.459234, -0.0866636, 0.135253, 0.0966185
-0.0987147, -0.0480539, -0.458596, -0.0863213, 0.136101, 0.0954942
-0.0985675, -0.0481193, -0.458404, -0.0858966, 0.136297, 0.0933077
-0.0984785, -0.0481642, -0.458195, -0.0856995, 0.136652, 0.0918387
-0.0984299, -0.0481816, -0.457804, -0.0853839, 0.137105, 0.0904834
-0.0984844, -0.0483541, -0.457511, -0.0850209, 0.137364, 0.0898744
-0.0983482, -0.0482861, -0.457334, -0.0841173, 0.137116, 0.0864085
-0.0984239, -0.0483013, -0.457146, -0.0837483, 0.137035, 0.0843505
-0.0984645, -0.0483147, -0.456597, -0.0831763, 0.13716, 0.0818334
-0.0984975, -0.0482294, -0.456448, -0.0831148, 0.136657, 0.0787608
-0.0984961, -0.0481802, -0.455586, -0.0827302, 0.136627, 0.0733392
-0.0984476, -0.0481078, -0.455184, -0.0825556, 0.136344, 0.0707942
-0.0984935, -0.0480679, -0.45471, -0.082431, 0.136092, 0.0685771
-0.0984349, -0.0479915, -0.454059, -0.0823189, 0.135904, 0.0659943
-0.0983249, -0.0479481, -0.453393, -0.0825612, 0.134764, 0.0611497
-0.0984014, -0.0479812, -0.45217, -0.0824852, 0.134517, 0.0585395
-0.0984654, -0.0481033, -0.451872, -0.0830642, 0.133475, 0.055413
-0.098451, -0.0483556, -0.451508, -0.0835929, 0.13239, 0.0519113
-0.0982874, -0.0484257, -0.451106, -0.084405, 0.131187, 0.0473326
-0.0981578, -0.0485864, -0.449729, -0.0856963, 0.130725, 0.0433005
-0.0980661, -0.0489288, -0.448074, -0.0866663, 0.130195, 0.0398464
-0.0976863, -0.0493668, -0.446368, -0.0890253, 0.127835, 0.0320817
-0.0975301, -0.0494925, -0.444675, -0.0903053, 0.126995, 0.0281526
-0.0974116, -0.0498489, -0.443517, -0.0914892, 0.125899, 0.0250608
-0.0972998, -0.0504985, -0.44131, -0.0922773, 0.125278, 0.0224475
-0.0971548, -0.0510396, -0.43983, -0.0927438, 0.123869, 0.0197648
-0.0969665, -0.0512131, -0.438504, -0.0930697, 0.122407, 0.0165894
-0.0965361, -0.0514928, -0.436093, -0.0928608, 0.121406, 0.0133832
-0.095973, -0.0519478, -0.432532, -0.091633, 0.118207, 0.00672143
-0.095547, -0.0522994, -0.430599, -0.0907548, 0.11637, 0.00328632
-0.0949698, -0.0524363, -0.428512, -0.0894324, 0.114571, -0.000191527
-0.0943237, -0.0525662, -0.426205, -0.0877838, 0.112797, -0.00365978
-0.0938098, -0.0527368, -0.424144, -0.0858912, 0.110608, -0.00722942
-0.0933024, -0.0529387, -0.420995, -0.0838359, 0.108939, -0.0109076
-0.0926607, -0.0530425, -0.419548, -0.0822706, 0.106204, -0.0147188
-0.0922019, -0.0532892, -0.417355, -0.0803908, 0.103904, -0.018186
-0.0908808, -0.0533897, -0.412672, -0.07638, 0.0990788, -0.0269186
-0.0902111, -0.0534742, -0.409862, -0.0747396, 0.0967878, -0.0312566
-0.089557, -0.0535385, -0.407192, -0.0731411, 0.0944161, -0.0354608
-0.0887747, -0.0537155, -0.404683, -0.0717246, 0.0919491, -0.0395182
-0.0879785, -0.0539092, -0.401964, -0.0706699, 0.0897753, -0.0434086
-0.0871664, -0.0540505, -0.399047, -0.0694889, 0.087632, -0.046898
-0.0864357, -0.0542261, -0.395934, -0.0681919, 0.0854271, -0.0504125
-0.0855361, -0.054377, -0.393403, -0.0672139, 0.0828929, -0.0544673
-0.0839839, -0.0550783, -0.38723, -0.0657998, 0.0786335, -0.0624457
-0.0831341, -0.0553805, -0.384674, -0.0655663, 0.0758914, -0.0666047
-0.0822809, -0.0560019, -0.380975, -0.06543, 0.0739726, -0.0703501
-0.0814494, -0.0562751, -0.378203, -0.0655644, 0.0714959, -0.0743027
-0.08035, -0.0565528, -0.375447, -0.0657204, 0.0689897, -0.0782812
-0.0793557, -0.0567291, -0.372392, -0.0660715, 0.0667041, -0.0823514
-0.0778787, -0.0580934, -0.364562, -0.0672763, 0.063146, -0.0882871
-0.0766421, -0.0587444, -0.36118, -0.0679344, 0.0608095, -0.0908788
-0.0757122, -0.0589967, -0.358299, -0.06844, 0.0584364, -0.0935829
-0.0750106, -0.059946, -0.355416, -0.0689478, 0.0560408, -0.0951573
-0.0741862, -0.0602804, -0.35221, -0.0692678, 0.0538523, -0.0972809
-0.0727184, -0.060726, -0.346848, -0.0697759, 0.0492132, -0.102026
-0.0720418, -0.0615663, -0.343476, -0.0695389, 0.0472, -0.104371
-0.0713949, -0.0617568, -0.340492, -0.0695798, 0.0451481, -0.107635
-0.0700377, -0.0620704, -0.335447, -0.0691336, 0.0412512, -0.114152
-0.0696439, -0.0622629, -0.332222, -0.0688125, 0.0398331, -0.117412
-0.0691195, -0.0624627, -0.329811, -0.0685458, 0.0380905, -0.120479
-0.0688113, -0.0628876, -0.326126, -0.0682379, 0.0373647, -0.122901
-0.0683767, -0.0630656, -0.319846, -0.0669745, 0.0357188, -0.127464
-0.0681251, -0.0631675, -0.31715, -0.0665988, 0.0346892, -0.129241
-0.0678291, -0.0632612, -0.309862, -0.0652746, 0.0348333, -0.13172
-0.0677451, -0.0633011, -0.30633, -0.0647926, 0.0347926, -0.131775
-0.0676633, -0.0633951, -0.300634, -0.0636974, 0.0346928, -0.131926
-0.0676155, -0.0634449, -0.297512, -0.0635588, 0.03465, -0.132032
-0.0676648, -0.0635639, -0.291239, -0.0633182, 0.0348122, -0.13092
-0.0677125, -0.0637374, -0.288585, -0.0629918, 0.0342568, -0.130436
-0.0676604, -0.064106, -0.284297, -0.0629418, 0.0324998, -0.131306
-0.0675337, -0.064389, -0.280052, -0.0633749, 0.030421, -0.133816
-0.0673821, -0.0645057, -0.277534, -0.0638782, 0.0295583, -0.134978
-0.0670564, -0.0646688, -0.273747, -0.0644718, 0.0273312, -0.136374
-0.0667675, -0.064856, -0.271833, -0.0644721, 0.0260321, -0.137288
-0.0660214, -0.0649827, -0.268644, -0.0647357, 0.02401, -0.13918
-0.064812, -0.0648685, -0.26673, -0.0643399, 0.0219436, -0.140692
-0.0642344, -0.0647894, -0.265382, -0.0640548, 0.021281, -0.141286
-0.063453, -0.0647328, -0.263975, -0.0632019, 0.0202062, -0.142055
-0.0629495, -0.0646154, -0.263146, -0.0626635, 0.0199683, -0.142582
-0.0622804, -0.0643855, -0.262599, -0.0617552, 0.0197902, -0.143767
-0.0619978, -0.0641918, -0.261966, -0.0614304, 0.0203462, -0.144158
-0.0615084, -0.0637884, -0.261111, -0.0603994, 0.02191, -0.145239
-0.0609246, -0.0631423, -0.260663, -0.0597681, 0.0238914, -0.147275
-0.0606894, -0.0629681, -0.260419, -0.0600081, 0.0246845, -0.147632
-0.0605361, -0.0628899, -0.260096, -0.0603102, 0.0276769, -0.148104
-0.0604793, -0.0628492, -0.259995, -0.0605535, 0.029055, -0.148111
-0.0604468, -0.0628305, -0.259413, -0.0608472, 0.0324043, -0.148053
-0.0604249, -0.0629891, -0.259305, -0.0612275, 0.0350636, -0.148409
-0.0605997, -0.0634508, -0.259228, -0.061418, 0.0358207, -0.148427
-0.0606566, -0.0636145, -0.259172, -0.0613986, 0.0380617, -0.150489
-0.0608048, -0.0640262, -0.259142, -0.0613161, 0.038862, -0.151474
-0.0609191, -0.0643679, -0.259039, -0.061526, 0.0406499, -0.153929
-0.0609786, -0.0645889, -0.258673, -0.0615099, 0.0417062, -0.154793
-0.0611871, -0.0655685, -0.258543, -0.0611478, 0.0427257, -0.154909
-0.061249, -0.0662465, -0.258391, -0.0599729, 0.0432004, -0.155461
-0.0612765, -0.0664392, -0.258289, -0.0593038, 0.0433658, -0.156497
-0.0612226, -0.0667541, -0.258091, -0.0569019, 0.0434716, -0.158522
-0.0611556, -0.0669473, -0.257974, -0.0556109, 0.0434615, -0.160508
-0.0611042, -0.0670828, -0.257606, -0.0531975, 0.0441001, -0.16338
-0.0610844, -0.0671913, -0.257239, -0.0517434, 0.0446686, -0.164684
-0.0611153, -0.0672187, -0.256909, -0.0486725, 0.0453631, -0.165589
-0.061162, -0.0671923, -0.256755, -0.0472412, 0.0453729, -0.16617
-0.0613023, -0.0671008, -0.256587, -0.0448564, 0.0460893, -0.16689
-0.0614907, -0.0669382, -0.256396, -0.0434335, 0.0470433, -0.167089
-0.0617025, -0.0668, -0.256331, -0.0429774, 0.0473097, -0.166898
-0.0619991, -0.0666998, -0.256369, -0.0433536, 0.0477148, -0.16685
-0.0621708, -0.0666273, -0.256425, -0.0439054, 0.0479054, -0.166846
-0.062632, -0.0666123, -0.256578, -0.0462865, 0.0484877, -0.166936
-0.06287, -0.0666095, -0.256682, -0.0477406, 0.0487913, -0.166868
-0.0634592, -0.0668689, -0.256904, -0.0509269, 0.0495315, -0.166506
-0.0639261, -0.0673193, -0.257194, -0.0543543, 0.0503448, -0.165853
-0.0641986, -0.0675453, -0.257406, -0.0557811, 0.050633, -0.165773
-0.0646526, -0.0680473, -0.257605, -0.0581052, 0.0515464, -0.165785
-0.0649199, -0.0683824, -0.257724, -0.0589555, 0.0519706, -0.166283
-0.0653494, -0.0689471, -0.257808, -0.0605108, 0.0531397, -0.166928
-0.0656559, -0.0692645, -0.257747, -0.0608813, 0.0537733, -0.167203
-0.0659746, -0.0694275, -0.257287, -0.0611385, 0.0551985, -0.168095
-0.0664326, -0.0698625, -0.256554, -0.0604387, 0.0567727, -0.167144
-0.0667109, -0.0700005, -0.256095, -0.0593323, 0.0578709, -0.166419
-0.0673454, -0.0702143, -0.254585, -0.0561161, 0.0604959, -0.163129
-0.0678195, -0.0702811, -0.253253, -0.0520534, 0.0620548, -0.158046
-0.0682108, -0.0703191, -0.252174, -0.0491425, 0.0629574, -0.156304
-0.0683746, -0.0702753, -0.251124, -0.0438287, 0.0638528, -0.156096
-0.0686052, -0.0701749, -0.249896, -0.0380655, 0.0646397, -0.157662
-0.0686793, -0.0699918, -0.24915, -0.0356814, 0.0650575, -0.159715
-0.0687192, -0.0697695, -0.247698, -0.0316948, 0.0663595, -0.16278
-0.0689092, -0.0695989, -0.245737, -0.0280159, 0.068128, -0.165052
-0.0691154, -0.0695187, -0.244699, -0.026649, 0.0689865, -0.165941
-0.0694236, -0.0694468, -0.242771, -0.0242113, 0.0704707, -0.166188
-0.069637, -0.0694456, -0.241497, -0.0235343, 0.0713262, -0.166114
-0.0699348, -0.0696581, -0.239015, -0.0225516, 0.0730668, -0.165118
-0.0701639, -0.0699512, -0.237896, -0.0224855, 0.07353, -0.164666
-0.070321, -0.070474, -0.236186, -0.0230224, 0.0740202, -0.164396
-0.0704037, -0.0710517, -0.235068, -0.0237799, 0.0742705, -0.164572
-0.0704883, -0.0722618, -0.232696, -0.0265998, 0.0749545, -0.164277
-0.0705527, -0.0739138, -0.23004, -0.0294991, 0.0750509, -0.163201
-0.0704203, -0.0747853, -0.228737, -0.0311698, 0.0747327, -0.163669
-0.0697979, -0.0760815, -0.225763, -0.0354783, 0.0745522, -0.165587
-0.0692888, -0.0767925, -0.22371, -0.0381501, 0.0743749, -0.166783
-0.0685907, -0.0788617, -0.219922, -0.043329, 0.0737965, -0.167767
-0.0679437, -0.0799434, -0.21804, -0.045917, 0.0732511, -0.16844
-0.0669386, -0.081668, -0.213377, -0.050618, 0.0726228, -0.169871
-0.0659321, -0.0833699, -0.207421, -0.0547766, 0.0722269, -0.170884
-0.0651883, -0.0846026, -0.204974, -0.056877, 0.0714462, -0.170745
-0.0639074, -0.0862565, -0.199215, -0.0601791, 0.0703012, -0.169987
-0.0629753, -0.0871628, -0.195873, -0.0610882, 0.0694033, -0.169359
-0.0611783, -0.0884913, -0.189368, -0.0626677, 0.0672152, -0.170197
-0.0592963, -0.0902128, -0.181717, -0.0643208, 0.0651623, -0.169345
-0.0575341, -0.0905549, -0.178751, -0.0643123, 0.063318, -0.16947
-0.0548784, -0.0912479, -0.171517, -0.064324, 0.060825, -0.169543
-0.0531553, -0.0917476, -0.167962, -0.064161, 0.0593673, -0.169918
-0.0500228, -0.0920831, -0.161577, -0.0634063, 0.0565983, -0.170367
-0.046617, -0.0923186, -0.153734, -0.0628239, 0.0549089, -0.172896
-0.0447365, -0.0923893, -0.149874, -0.0626397, 0.0541379, -0.173537
-0.0420003, -0.0925608, -0.143396, -0.0618428, 0.0527487, -0.172728
-0.0404004, -0.0926189, -0.139505, -0.061254, 0.052488, -0.172138
-0.0369322, -0.0926003, -0.132753, -0.0602869, 0.0522924, -0.17087
-0.0351563, -0.0925413, -0.129576, -0.0594771, 0.0518208, -0.170405
-0.0322197, -0.0924951, -0.12276, -0.0588059, 0.0521713, -0.169991
-0.0304768, -0.092402, -0.119208, -0.0584333, 0.0522117, -0.169466
-0.0276136, -0.0923225, -0.112873, -0.0576533, 0.0525221, -0.168769
-0.0260639, -0.0923095, -0.109399, -0.0572778, 0.0527607, -0.168348
-0.0231879, -0.09235, -0.102677, -0.0561845, 0.0531247, -0.168398
-0.0213532, -0.0923432, -0.0996068, -0.0552546, 0.0528582, -0.168767
-0.0182624, -0.0923648, -0.0946232, -0.0536947, 0.0518107, -0.171853
-0.0151317, -0.09258, -0.0887294, -0.0530803, 0.0512717, -0.174875
-0.0134237, -0.0927525, -0.0852244, -0.0529706, 0.0512611, -0.175817
-0.00987926, -0.0928155, -0.0802158, -0.0527795, 0.0506538, -0.178206
-0.00830573, -0.0930214, -0.0770708, -0.052719, 0.0507344, -0.178506
-0.00585749, -0.0934723, -0.0717069, -0.0527434, 0.0509077, -0.179472
-0.00419987, -0.0936651, -0.0686064, -0.0528319, 0.0511327, -0.179476
-0.0014172, -0.0937947, -0.0638544, -0.0522443, 0.0508746, -0.181826
0.000332182, -0.0938489, -0.0611015, -0.0525369, 0.0507974, -0.182544
0.00243446, -0.0939699, -0.0557055, -0.0515696, 0.0505048, -0.182865
0.00485544, -0.0940017, -0.0497859, -0.0503097, 0.050452, -0.183201
0.00637786, -0.0939779, -0.0468544, -0.0490231, 0.0501812, -0.183918
0.00829698, -0.0939579, -0.0415751, -0.0469102, 0.0496947, -0.184991
0.0108401, -0.093517, -0.0368944, -0.0444524, 0.0491551, -0.187695
0.0122072, -0.0931539, -0.0343575, -0.0437373, 0.0491554, -0.189316
0.0140612, -0.092761, -0.0297563, -0.0421052, 0.0492676, -0.191042
0.0153838, -0.0923945, -0.0270119, -0.0412257, 0.0494796, -0.191468
0.016923, -0.0914926, -0.0231761, -0.0396558, 0.0498336, -0.190766
0.0177791, -0.0913079, -0.0210297, -0.0389587, 0.0500009, -0.189581
0.0195996, -0.0907825, -0.0168415, -0.0370506, 0.050297, -0.186519
0.0207043, -0.0901951, -0.0147969, -0.0356071, 0.0499213, -0.185097
0.0229677, -0.0892226, -0.0108252, -0.0330355, 0.0494152, -0.183556
0.0254447, -0.0882161, -0.00699006, -0.0306499, 0.0479417, -0.183766
0.0268415, -0.0878421, -0.00487979, -0.0295134, 0.0469483, -0.183862
0.0295047, -0.0871203, -0.00133765, -0.0267323, 0.0445935, -0.185715
0.0312953, -0.0865055, 0.000872766, -0.0256435, 0.0433825, -0.187138
0.0343673, -0.0858333, 0.00427385, -0.0232569, 0.0403793, -0.190175
0.0373227, -0.085689, 0.00787465, -0.0218166, 0.0377807, -0.193069
0.0388788, -0.08554, 0.00954889, -0.021406, 0.0363148, -0.19423
0.0413148, -0.0854379, 0.0133557, -0.0219773, 0.0343811, -0.194391
0.0424429, -0.0854242, 0.0153697, -0.0224786, 0.0335163, -0.192567
0.043495, -0.0858446, 0.0169098, -0.0230199, 0.0329295, -0.18967
0.0445755, -0.085889, 0.0189954, -0.0234339, 0.0326882, -0.187982
0.0463227, -0.0861729, 0.0198263, -0.0244221, 0.0303793, -0.188278
0.0470528, -0.0867245, 0.0202776, -0.025305, 0.0300465, -0.188291
0.0474983, -0.0874666, 0.0207227, -0.0262228, 0.0298584, -0.187609
0.0481058, -0.0884123, 0.0208312, -0.027278, 0.0290818, -0.185643
0.0487782, -0.08898, 0.0212606, -0.0275084, 0.02835, -0.183028
0.049816, -0.0891396, 0.0215128, -0.0270579, 0.0269605, -0.181482
0.0508075, -0.0893223, 0.0216919, -0.0262185, 0.0259345, -0.181542
0.0521812, -0.0892135, 0.0218258, -0.0252021, 0.0247672, -0.183718
0.0532771, -0.0892355, 0.0218752, -0.0253046, 0.0236428, -0.187421
0.0538604, -0.0892313, 0.0220161, -0.0254753, 0.0233862, -0.187837
0.0543473, -0.0891885, 0.0221357, -0.0251856, 0.0230357, -0.187786
0.0549926, -0.0889672, 0.0222364, -0.0246149, 0.0225949, -0.188503
0.0554353, -0.0887739, 0.0223409, -0.0243626, 0.0224163, -0.189492
0.0558302, -0.0885467, 0.0224016, -0.0243611, 0.0220331, -0.19047
0.0560821, -0.088435, 0.0225711, -0.0241349, 0.0217949, -0.189699
0.0563995, -0.0883022, 0.0226684, -0.0237139, 0.0215885, -0.189505
0.0567064, -0.088025, 0.0227359, -0.023573, 0.0214455, -0.189575
0.056813, -0.0879177, 0.0228412, -0.023493, 0.0215345, -0.188844
0.0570494, -0.0877236, 0.0229107, -0.0231497, 0.0212749, -0.188518
0.0573858, -0.0874377, 0.023, -0.0226834, 0.0211912, -0.18918
0.0576266, -0.0873324, 0.0230221, -0.0229399, 0.0207401, -0.189463
0.0578842, -0.0872311, 0.0230546, -0.0228291, 0.0205176, -0.189671
0.0580878, -0.0871436, 0.0231034, -0.0227609, 0.0204465, -0.189722
0.0583587, -0.0869879, 0.0231401, -0.0225534, 0.0202556, -0.189803
0.0585741, -0.0868115, 0.0231932, -0.0222989, 0.0202135, -0.18997
0.0587647, -0.0866121, 0.0232203, -0.0220539, 0.0199317, -0.190248
0.0589015, -0.0863654, 0.0232789, -0.0216615, 0.0200119, -0.19047
0.0590547, -0.0860242, 0.023347, -0.0212781, 0.0201324, -0.190517
0.0591836, -0.0855903, 0.0233772, -0.0207968, 0.0200681, -0.190662
0.0592838, -0.0852615, 0.0234169, -0.0203036, 0.0202662, -0.190652
0.0593634, -0.0848829, 0.0234276, -0.0198731, 0.0203089, -0.190618
0.059407, -0.084548, 0.0233809, -0.0194215, 0.0202923, -0.190476
0.0594358, -0.0840501, 0.0233662, -0.0188893, 0.020462, -0.190511
0.0593446, -0.0834978, 0.0233913, -0.0180464, 0.0209673, -0.190262
0.0592955, -0.0830721, 0.0233993, -0.0176136, 0.0211568, -0.190232
0.0591882, -0.0827289, 0.0234127, -0.0172951, 0.0214277, -0.190128
0.0591611, -0.082196, 0.023418, -0.01702, 0.0215391, -0.190391
0.0590978, -0.0818843, 0.0234196, -0.0168298, 0.0217046, -0.190422
0.0589316, -0.0817005, 0.023462, -0.0167196, 0.0221908, -0.190346
0.0588296, -0.0815597, 0.0234755, -0.0167373, 0.0222834, -0.190397
0.0587107, -0.081422, 0.0234797, -0.0168833, 0.0223724, -0.190412
0.0585874, -0.0813115, 0.0234867, -0.0170625, 0.022488, -0.190395
0.0584859, -0.0812723, 0.0234714, -0.0175283, 0.0225499, -0.190485
0.0583768, -0.0812846, 0.0234756, -0.017766, 0.0225806, -0.190471
0.0583063, -0.0813429, 0.0234647, -0.0180034, 0.0224875, -0.190447
0.0583282, -0.0811696, 0.0234466, -0.018299, 0.0224782, -0.191175
0.0581437, -0.0814949, 0.0234368, -0.0185438, 0.0224473, -0.19042
0.0581031, -0.0815883, 0.0234472, -0.0186335, 0.0224806, -0.190456
0.0580442, -0.0816763, 0.0234443, -0.0187076, 0.0224283, -0.190379
0.0580066, -0.0817322, 0.0234502, -0.0186415, 0.0224195, -0.190397
0.0579594, -0.0817741, 0.02345, -0.0185928, 0.0223988, -0.190306
0.0579252, -0.081808, 0.0234557, -0.0184838, 0.0224118, -0.190295
0.0579085, -0.0818049, 0.0234519, -0.0183511, 0.0223825, -0.190403
0.0578553, -0.0818154, 0.0234775, -0.0181955, 0.0225317, -0.190231
0.0578528, -0.0817497, 0.0235086, -0.0179104, 0.0225339, -0.190409
0.0578496, -0.0816804, 0.0235201, -0.0178151, 0.0225115, -0.190467
0.0578416, -0.0816291, 0.0235308, -0.0177125, 0.0225077, -0.190454
0.0578056, -0.0815968, 0.0235574, -0.0176678, 0.0225851, -0.19031
0.0578182, -0.0815324, 0.0235744, -0.0175709, 0.022526, -0.190481
0.0578241, -0.0814846, 0.023593, -0.0175539, 0.0225287, -0.190506
0.057814, -0.0814539, 0.0235928, -0.0176084, 0.0224582, -0.19042
0.0578044, -0.0814387, 0.0235946, -0.0176675, 0.0224516, -0.190382
0.0578358, -0.0814011, 0.0235931, -0.0177156, 0.0224044, -0.190569
0.0578265, -0.0813989, 0.0236073, -0.0177783, 0.022473, -0.190429
0.0578117, -0.08143, 0.0235983, -0.0179218, 0.0224186, -0.190378
0.057795, -0.0814562, 0.0235888, -0.0180031, 0.0224133, -0.190382
0.0577936, -0.0814766, 0.0235868, -0.0180025, 0.0224391, -0.19044
0.0577903, -0.0814936, 0.0235666, -0.0180424, 0.0223964, -0.190477
0.0577793, -0.0815082, 0.0235608, -0.0180897, 0.0224911, -0.190514
0.0577725, -0.0815205, 0.0235649, -0.0180887, 0.0225951, -0.19054
0.0577596, -0.0815259, 0.0235616, -0.0180581, 0.0225694, -0.190564
0.0577447, -0.0815194, 0.0235579, -0.0180221, 0.0225849, -0.190597
0.0577448, -0.0815036, 0.0235727, -0.0179524, 0.0226654, -0.190641
0.0577157, -0.0814937, 0.0235925, -0.017946, 0.0227505, -0.190542
0.0577066, -0.0814636, 0.0236078, -0.0178566, 0.0227331, -0.190557
0.0576697, -0.0814553, 0.0236185, -0.0177864, 0.0227225, -0.190404
0.0576501, -0.0814494, 0.0236223, -0.017736, 0.0226622, -0.190376
0.0576794, -0.0813764, 0.0236321, -0.0177448, 0.0227039, -0.190619
0.0576465, -0.0813724, 0.0236541, -0.01774, 0.022785, -0.190375
0.0576458, -0.0813634, 0.0236628, -0.0177499, 0.0226986, -0.190445
0.0576382, -0.0813543, 0.0236679, -0.0177636, 0.0226997, -0.190445
0.0576389, -0.081346, 0.0236639, -0.0177748, 0.0226304, -0.190487
0.0576364, -0.0813458, 0.0236785, -0.0177853, 0.0227234, -0.190465
0.0576341, -0.0813463, 0.0236739, -0.0178328, 0.0226546, -0.190484
0.0576152, -0.0813693, 0.0236634, -0.017898, 0.0226269, -0.190387
0.0576232, -0.0813723, 0.0236729, -0.0178952, 0.0227027, -0.190503
0.0576136, -0.0813807, 0.0236649, -0.0179165, 0.0226333, -0.19045
0.0576192, -0.0813849, 0.0236598, -0.0179093, 0.0226324, -0.190492
0.0576248, -0.0813687, 0.0236729, -0.0179193, 0.0227689, -0.190554
0.057649, -0.0813326, 0.0236781, -0.017862, 0.0227367, -0.190656
0.0576254, -0.0813334, 0.0236845, -0.0178325, 0.0227729, -0.190478
0.0576021, -0.081338, 0.0236894, -0.0178419, 0.0227983, -0.190418
0.0576006, -0.081323, 0.0237053, -0.0178204, 0.0228608, -0.190522
0.0575894, -0.081315, 0.0237131, -0.0177466, 0.0228374, -0.190505
0.0575773, -0.081307, 0.023715, -0.0177315, 0.0228412, -0.190508
0.0575712, -0.0813008, 0.0237313, -0.0177016, 0.0229126, -0.190518
0.0575611, -0.081295, 0.0237366, -0.0177431, 0.0229013, -0.190511
0.0575508, -0.0812918, 0.0237377, -0.0177302, 0.0228683, -0.190509
0.0575297, -0.0813013, 0.0237363, -0.017747, 0.0228697, -0.190443
0.0575172, -0.0813061, 0.0237362, -0.0177561, 0.0228613, -0.190467
0.05751, -0.0813091, 0.0237454, -0.0177178, 0.0228819, -0.190492
0.0575092, -0.081304, 0.0237498, -0.0177768, 0.0228869, -0.190536
0.0575185, -0.0812991, 0.0237508, -0.017761, 0.0228196, -0.190564
0.0575199, -0.0813002, 0.0237655, -0.0177762, 0.0228822, -0.190524
0.0575216, -0.0812947, 0.0237657, -0.0177907, 0.0228304, -0.190542
0.0575126, -0.0813015, 0.0237707, -0.0177373, 0.0228263, -0.190468
0.0575255, -0.0812902, 0.023776, -0.017767, 0.0228606, -0.190575
0.0575085, -0.0812956, 0.0237834, -0.0177483, 0.0228817, -0.190456
0.0575382, -0.0812723, 0.0238055, -0.0177151, 0.0229567, -0.19064
0.0575287, -0.0812697, 0.0238098, -0.017685, 0.0229007, -0.19052
0.0575142, -0.0812658, 0.0238133, -0.0176862, 0.0229569, -0.190498
0.0575, -0.0812635, 0.0238147, -0.0176855, 0.022951, -0.190485
0.0574973, -0.0812576, 0.0238321, -0.0176521, 0.0230454, -0.19051
0.0574886, -0.0812503, 0.0238345, -0.0176737, 0.0230094, -0.190492
0.0574758, -0.0812453, 0.0238313, -0.0176649, 0.0229824, -0.190461
0.0574648, -0.0812423, 0.0238299, -0.0176516, 0.0229875, -0.190445
0.0574574, -0.081241, 0.023847, -0.0176411, 0.0230835, -0.190434
0.0574472, -0.0812427, 0.0238507, -0.0176587, 0.0230468, -0.190407
0.0574434, -0.0812478, 0.0238531, -0.0176414, 0.0230277, -0.190414
0.0574326, -0.0812495, 0.023833, -0.0177021, 0.0229486, -0.190433
0.0574267, -0.0812517, 0.0238356, -0.0177041, 0.0230288, -0.190443
0.0574237, -0.0812532, 0.0238235, -0.0177306, 0.022959, -0.190466
0.057421, -0.0812565, 0.0238311, -0.0176983, 0.0230254, -0.190476
0.0574241, -0.0812495, 0.0238239, -0.0176854, 0.0229926, -0.190622
0.057442, -0.0812358, 0.0238428, -0.0177043, 0.0231203, -0.190694
0.0574056, -0.0812393, 0.0238317, -0.017715, 0.0230501, -0.190381
0.0574086, -0.0812118, 0.0238424, -0.0175499, 0.0231091, -0.190441
0.0573905, -0.0811942, 0.0238409, -0.0175054, 0.0231994, -0.190434
0.0573632, -0.0811745, 0.0238311, -0.0174793, 0.0232268, -0.190344
0.057333, -0.0811423, 0.0238336, -0.0174138, 0.0233578, -0.190426
0.0572972, -0.0811235, 0.0238307, -0.0174643, 0.0234093, -0.190433
0.0572705, -0.0811092, 0.0238208, -0.0174557, 0.0233852, -0.190399
0.05724, -0.0810967, 0.0238134, -0.017479, 0.0234187, -0.19043
0.0572169, -0.081085, 0.0238096, -0.0175565, 0.02346, -0.190488
0.0571911, -0.0810945, 0.0238188, -0.0175462, 0.0234627, -0.190424
0.0571843, -0.0810938, 0.0238274, -0.0175938, 0.0234499, -0.190565
0.0571851, -0.0811092, 0.0238277, -0.017712, 0.0233352, -0.190596
0.0572168, -0.0811046, 0.0238442, -0.0176881, 0.023274, -0.190712
0.0572189, -0.0811226, 0.0238531, -0.0177246, 0.0232206, -0.190619
0.0572193, -0.0811407, 0.0238557, -0.0177575, 0.0231479, -0.190548
0.057268, -0.081143, 0.0238704, -0.0176821, 0.0230999, -0.190629
0.0572771, -0.081145, 0.023869, -0.0175973, 0.0229811, -0.190521
0.0572831, -0.081144, 0.0238644, -0.0175597, 0.0229827, -0.190468
0.0572945, -0.0811354, 0.0238634, -0.0174917, 0.0229748, -0.190431
0.0573036, -0.0811206, 0.0238704, -0.0174363, 0.0230518, -0.190452
0.0573029, -0.0811138, 0.023876, -0.0173822, 0.0230681, -0.190425
0.0573193, -0.0810815, 0.0238778, -0.0173633, 0.0230591, -0.190574
0.0573322, -0.0810598, 0.0238761, -0.0173363, 0.0230626, -0.190614
0.0573416, -0.0810309, 0.0238817, -0.0173836, 0.0231561, -0.190662
0.0573615, -0.0809992, 0.0238864, -0.017382, 0.0231495, -0.190748
0.0573582, -0.0809814, 0.0238905, -0.017416, 0.0232011, -0.190695
0.0573434, -0.0809781, 0.0238853, -0.017464, 0.0231715, -0.190646
0.0573406, -0.0809765, 0.0238767, -0.017554, 0.0231589, -0.190704
0.0573419, -0.0809752, 0.0238829, -0.0175754, 0.0231992, -0.190701
0.0573416, -0.0809711, 0.0238841, -0.0175819, 0.0231672, -0.190683
0.0573336, -0.0809814, 0.0238877, -0.0175926, 0.0231861, -0.190609
0.0573342, -0.0809871, 0.0238856, -0.0176001, 0.0231393, -0.190629
0.0573339, -0.0809932, 0.0238811, -0.0175637, 0.0230947, -0.190563
0.0573315, -0.0809948, 0.0238785, -0.0175552, 0.0231076, -0.190569
0.0573609, -0.0809758, 0.023879, -0.0175452, 0.0231307, -0.190693
0.0573483, -0.0809848, 0.0238851, -0.0175169, 0.0231419, -0.190535
0.0573421, -0.0809847, 0.0238938, -0.017497, 0.0231967, -0.190575
